new,host,a,cname,soa,caa,status_code,txt,aaaa,ns,cdn,cdn-name
[x],02x.acomponeocovid19.sa.showmax.com,"35.176.237.181, 3.11.144.82, 18.168.28.22",,"brenda.ns.cloudflare.com, dns.cloudflare.com",,NOERROR,v=spf1 ~all,,,,
[x],2010.chat.showmax.com,"3.11.144.82, 35.176.237.181, 18.168.28.22",,"brenda.ns.cloudflare.com, dns.cloudflare.com",,NOERROR,v=spf1 ~all,,,,
[x],222-antiviruspre.showmax.com,"35.176.237.181, 18.168.28.22, 3.11.144.82",,"brenda.ns.cloudflare.com, dns.cloudflare.com",,NOERROR,v=spf1 ~all,,,,
[x],23-227-37-137.showmax.com,"3.11.144.82, 35.176.237.181, 18.168.28.22",,"brenda.ns.cloudflare.com, dns.cloudflare.com",,NOERROR,v=spf1 ~all,,,,
[x],24162.showmax.com,"35.176.237.181, 3.11.144.82, 18.168.28.22",,"brenda.ns.cloudflare.com, dns.cloudflare.com",,NOERROR,v=spf1 ~all,,,,
[x],24162.www.are.showmax.com,"18.168.28.22, 3.11.144.82, 35.176.237.181",,"brenda.ns.cloudflare.com, dns.cloudflare.com",,NOERROR,v=spf1 ~all,,,,
[x],252fblog.showmax.com,"35.176.237.181, 18.168.28.22, 3.11.144.82",,"brenda.ns.cloudflare.com, dns.cloudflare.com",,NOERROR,,,,,
[x],2fblog.showmax.com,"35.176.237.181, 18.168.28.22, 3.11.144.82",,"brenda.ns.cloudflare.com, dns.cloudflare.com",,NOERROR,v=spf1 ~all,,,,
[x],30.tech.showmax.com,"35.176.237.181, 3.11.144.82, 18.168.28.22",,"brenda.ns.cloudflare.com, dns.cloudflare.com",,NOERROR,v=spf1 ~all,,,,
[x],3www.showmax.com,"18.168.28.22, 35.176.237.181, 3.11.144.82",,"brenda.ns.cloudflare.com, dns.cloudflare.com",,NOERROR,v=spf1 ~all,,,,
[x],a-2yantivirus2.showmax.com,"18.168.28.22, 3.11.144.82, 35.176.237.181",,"brenda.ns.cloudflare.com, dns.cloudflare.com",,NOERROR,v=spf1 ~all,,,,
[x],a.secure.showmax.com,"18.168.28.22, 3.11.144.82, 35.176.237.181",,"brenda.ns.cloudflare.com, dns.cloudflare.com",,NOERROR,v=spf1 ~all,,,,
[x],acomponeocovid19.sa-b7c.showmax.com,"3.11.144.82, 35.176.237.181, 18.168.28.22",,"brenda.ns.cloudflare.com, dns.cloudflare.com",,NOERROR,v=spf1 ~all,,,,
[x],acomponeocovid19.sa-br.svn6.showmax.com,"18.168.28.22, 35.176.237.181, 3.11.144.82",,"brenda.ns.cloudflare.com, dns.cloudflare.com",,NOERROR,v=spf1 ~all,,,,
[x],acomponeocovid19.sa.showmax.com,"3.11.144.82, 35.176.237.181, 18.168.28.22",,"brenda.ns.cloudflare.com, dns.cloudflare.com",,NOERROR,v=spf1 ~all,,,,
[x],acquia-nonprd-mcc.tech.showmax.com,"3.11.144.82, 18.168.28.22, 35.176.237.181",,"brenda.ns.cloudflare.com, dns.cloudflare.com",,NOERROR,,,,,
[x],after-sales-service.24162.showmax.com,"18.168.28.22, 35.176.237.181, 3.11.144.82",,"brenda.ns.cloudflare.com, dns.cloudflare.com",,NOERROR,v=spf1 ~all,,,,
[x],akamai-test-origin.secure.showmax.com,"18.168.28.22, 3.11.144.82, 35.176.237.181",,"brenda.ns.cloudflare.com, dns.cloudflare.com",,NOERROR,v=spf1 ~all,,,,
[x],akamai-test.secure.showmax.com,"35.176.237.181, 3.11.144.82, 18.168.28.22",,"brenda.ns.cloudflare.com, dns.cloudflare.com",,NOERROR,,,,,
[x],akamai.secure.showmax.com,"3.11.144.82, 18.168.28.22, 35.176.237.181",,"brenda.ns.cloudflare.com, dns.cloudflare.com",,NOERROR,v=spf1 ~all,,,,
[x],analytics-psql01.de.showmax.com,"3.11.144.82, 35.176.237.181, 18.168.28.22",,"brenda.ns.cloudflare.com, dns.cloudflare.com",,NOERROR,v=spf1 ~all,,,,
[x],android-tv-integrity.clients.ott.showmax.com,"23.2.13.146, 23.2.13.210","android-tv-integrity.clients.ott.showmax.com.edgesuite.net, a1222.dsct.akamai.net","n0dsct.akamai.net, hostmaster.akamai.com",,NOERROR,,"2a02:26f0:1700:6::17d5:a191, 2a02:26f0:1700:6::17d5:a18b",,,
[x],angelos02.dev.252fblog.showmax.com,"3.11.144.82, 18.168.28.22, 35.176.237.181",,"brenda.ns.cloudflare.com, dns.cloudflare.com",,NOERROR,v=spf1 ~all,,,,
[x],antivirus.23-227-37-137.showmax.com,"18.168.28.22, 35.176.237.181, 3.11.144.82",,"brenda.ns.cloudflare.com, dns.cloudflare.com",,NOERROR,v=spf1 ~all,,,,
[x],antivirus.secure.showmax.com,"18.168.28.22, 35.176.237.181, 3.11.144.82",,"brenda.ns.cloudflare.com, dns.cloudflare.com",,NOERROR,v=spf1 ~all,,,,
[x],antivirus.www-test.alumni.devna.showmax.com,"3.11.144.82, 35.176.237.181, 18.168.28.22",,"brenda.ns.cloudflare.com, dns.cloudflare.com",,NOERROR,v=spf1 ~all,,,,
[x],antivirus1email.ew53680r9cmp90.showmax.com,"3.11.144.82, 18.168.28.22, 35.176.237.181",,"brenda.ns.cloudflare.com, dns.cloudflare.com",,NOERROR,v=spf1 ~all,,,,
[x],antivirus1mozilla.showmax.com,"3.11.144.82, 35.176.237.181, 18.168.28.22",,"brenda.ns.cloudflare.com, dns.cloudflare.com",,NOERROR,v=spf1 ~all,,,,
[x],antivirus2.showmax.com,"35.176.237.181, 3.11.144.82, 18.168.28.22",,"brenda.ns.cloudflare.com, dns.cloudflare.com",,NOERROR,v=spf1 ~all,,,,
[x],antivirus2apih1.showmax.com,"18.168.28.22, 3.11.144.82, 35.176.237.181",,"brenda.ns.cloudflare.com, dns.cloudflare.com",,NOERROR,v=spf1 ~all,,,,
[x],antivirusctivate-sit8.glb.showmax.com,"18.168.28.22, 35.176.237.181, 3.11.144.82",,"brenda.ns.cloudflare.com, dns.cloudflare.com",,NOERROR,v=spf1 ~all,,,,
[x],antiviruskfb.showmax.com,"35.176.237.181, 3.11.144.82, 18.168.28.22",,"brenda.ns.cloudflare.com, dns.cloudflare.com",,NOERROR,v=spf1 ~all,,,,
[x],antiviruspreimg0.br.svn6.showmax.com,"18.168.28.22, 35.176.237.181, 3.11.144.82",,"brenda.ns.cloudflare.com, dns.cloudflare.com",,NOERROR,v=spf1 ~all,,,,
[x],antivirusprel.preprod.static.showmax.com,"18.168.28.22, 3.11.144.82, 35.176.237.181",,"brenda.ns.cloudflare.com, dns.cloudflare.com",,NOERROR,v=spf1 ~all,,,,
[x],api-4.showmax.com,"35.176.237.181, 18.168.28.22, 3.11.144.82",,"brenda.ns.cloudflare.com, dns.cloudflare.com",,NOERROR,v=spf1 ~all,,,,
[x],api-5.showmax.com,"18.168.28.22, 35.176.237.181, 3.11.144.82",,"brenda.ns.cloudflare.com, dns.cloudflare.com",,NOERROR,v=spf1 ~all,,,,
[x],api.secure.showmax.com,"3.11.144.82, 35.176.237.181, 18.168.28.22",,"brenda.ns.cloudflare.com, dns.cloudflare.com",,NOERROR,v=spf1 ~all,,,,
[x],api.showmax.com,"3.11.144.82, 35.176.237.181, 18.168.28.22",,"brenda.ns.cloudflare.com, dns.cloudflare.com",,NOERROR,v=spf1 ~all,,,,
[x],apih1.showmax.com,"35.176.237.181, 3.11.144.82, 18.168.28.22",,"brenda.ns.cloudflare.com, dns.cloudflare.com",,NOERROR,,,,,
[x],app.secure.showmax.com,"18.168.28.22, 3.11.144.82, 35.176.237.181",,"brenda.ns.cloudflare.com, dns.cloudflare.com",,NOERROR,v=spf1 ~all,,,,
[x],appletv.clients.ott.showmax.com,,"appletv.clients.ott.showmax.com.edgesuite.net, a1957.dsct.akamai.net","n0dsct.akamai.net, hostmaster.akamai.com",,NOERROR,,"2a02:26f0:fe00::686e:f0d2, 2a02:26f0:fe00::686e:f0c8",,,
[x],attilaacomponeocovid19.sa.showmax.com,"18.168.28.22, 3.11.144.82, 35.176.237.181",,"brenda.ns.cloudflare.com, dns.cloudflare.com",,NOERROR,v=spf1 ~all,,,,
[x],atwww.showmax.com,"3.11.144.82, 18.168.28.22, 35.176.237.181",,"brenda.ns.cloudflare.com, dns.cloudflare.com",,NOERROR,v=spf1 ~all,,,,
[x],aubaddyacomponeocovid19.sa.showmax.com,"18.168.28.22, 35.176.237.181, 3.11.144.82",,"brenda.ns.cloudflare.com, dns.cloudflare.com",,NOERROR,v=spf1 ~all,,,,
[x],audi88131acomponeocovid19.sa.showmax.com,"3.11.144.82, 35.176.237.181, 18.168.28.22",,"brenda.ns.cloudflare.com, dns.cloudflare.com",,NOERROR,,,,,
[x],auth-testacomponeocovid19.sa.showmax.com,"18.168.28.22, 3.11.144.82, 35.176.237.181",,"brenda.ns.cloudflare.com, dns.cloudflare.com",,NOERROR,v=spf1 ~all,,,,
[x],autoconfig.secure.showmax.com,"18.168.28.22, 35.176.237.181, 3.11.144.82",,"brenda.ns.cloudflare.com, dns.cloudflare.com",,NOERROR,v=spf1 ~all,,,,
[x],autodiscover.apac.acomponeocovid19.sa.showmax.com,"18.168.28.22, 3.11.144.82, 35.176.237.181",,"brenda.ns.cloudflare.com, dns.cloudflare.com",,NOERROR,v=spf1 ~all,,,,
[x],autodiscover.bc.acomponeocovid19.sa.showmax.com,"18.168.28.22, 35.176.237.181, 3.11.144.82",,"brenda.ns.cloudflare.com, dns.cloudflare.com",,NOERROR,v=spf1 ~all,,,,
[x],autodiscover.notes.252fblog.showmax.com,"3.11.144.82, 35.176.237.181, 18.168.28.22",,"brenda.ns.cloudflare.com, dns.cloudflare.com",,NOERROR,v=spf1 ~all,,,,
[x],autodiscover.partner.chat.showmax.com,"3.11.144.82, 18.168.28.22, 35.176.237.181",,"brenda.ns.cloudflare.com, dns.cloudflare.com",,NOERROR,v=spf1 ~all,,,,
[x],autodiscover.secure.showmax.com,"35.176.237.181, 18.168.28.22, 3.11.144.82",,"brenda.ns.cloudflare.com, dns.cloudflare.com",,NOERROR,v=spf1 ~all,,,,
[x],availacomponeocovid19.sa.showmax.com,"3.11.144.82, 35.176.237.181, 18.168.28.22",,"brenda.ns.cloudflare.com, dns.cloudflare.com",,NOERROR,,,,,
[x],avisacomponeocovid19.sa.showmax.com,"18.168.28.22, 35.176.237.181, 3.11.144.82",,"brenda.ns.cloudflare.com, dns.cloudflare.com",,NOERROR,v=spf1 ~all,,,,
[x],avpacomponeocovid19.sa.showmax.com,"35.176.237.181, 3.11.144.82, 18.168.28.22",,"brenda.ns.cloudflare.com, dns.cloudflare.com",,NOERROR,v=spf1 ~all,,,,
[x],awsdashboard.secure.showmax.com,,,"brenda.ns.cloudflare.com, dns.cloudflare.com",,NOERROR,,,,,
[x],aww.showmax.com,,,"brenda.ns.cloudflare.com, dns.cloudflare.com",,NOERROR,,,,,
[x],b.showmax.com,"35.176.237.181, 3.11.144.82, 18.168.28.22",,"brenda.ns.cloudflare.com, dns.cloudflare.com",,NOERROR,v=spf1 ~all,,,,
[x],baoboyulecheng.secure.showmax.com,"3.11.144.82, 35.176.237.181, 18.168.28.22",,"brenda.ns.cloudflare.com, dns.cloudflare.com",,NOERROR,v=spf1 ~all,,,,
[x],basic-nodejs-dev.secure.showmax.com,"35.176.237.181, 18.168.28.22, 3.11.144.82",,"brenda.ns.cloudflare.com, dns.cloudflare.com",,NOERROR,v=spf1 ~all,,,,
[x],basic.showmax.com,"18.168.28.22, 35.176.237.181, 3.11.144.82",,"brenda.ns.cloudflare.com, dns.cloudflare.com",,NOERROR,v=spf1 ~all,,,,
[x],bbs.secure.showmax.com,"35.176.237.181, 3.11.144.82, 18.168.28.22",,"brenda.ns.cloudflare.com, dns.cloudflare.com",,NOERROR,v=spf1 ~all,,,,
[x],bdl2-portal.antivirus2.showmax.com,"18.168.28.22, 3.11.144.82, 35.176.237.181",,"brenda.ns.cloudflare.com, dns.cloudflare.com",,NOERROR,v=spf1 ~all,,,,
[x],beamwallet.me-dlw33-1.showmax.com,"3.11.144.82, 35.176.237.181, 18.168.28.22",,"brenda.ns.cloudflare.com, dns.cloudflare.com",,NOERROR,v=spf1 ~all,,,,
[x],beta.forum.chat.showmax.com,"18.168.28.22, 35.176.237.181, 3.11.144.82",,"brenda.ns.cloudflare.com, dns.cloudflare.com",,NOERROR,v=spf1 ~all,,,,
[x],beta.secure.showmax.com,"18.168.28.22, 3.11.144.82, 35.176.237.181",,"brenda.ns.cloudflare.com, dns.cloudflare.com",,NOERROR,v=spf1 ~all,,,,
[x],beta.showmax.com,"18.168.28.22, 3.11.144.82, 35.176.237.181",,"brenda.ns.cloudflare.com, dns.cloudflare.com",,NOERROR,v=spf1 ~all,,,,
[x],bloantivirus1.showmax.com,"3.11.144.82, 35.176.237.181, 18.168.28.22",,"brenda.ns.cloudflare.com, dns.cloudflare.com",,NOERROR,v=spf1 ~all,,,,
[x],blog.secure.showmax.com,"18.168.28.22, 35.176.237.181, 3.11.144.82",,"brenda.ns.cloudflare.com, dns.cloudflare.com",,NOERROR,v=spf1 ~all,,,,
[x],blog.showmax.com,"76.76.21.22, 76.76.21.61",cname.vercel-dns.com,"dns1.p07.nsone.net, hostmaster.nsone.net","globalsign.com, letsencrypt.org, sectigo.com",NOERROR,,,,,
[x],blogprima.showmax.com,"35.176.237.181, 3.11.144.82, 18.168.28.22",,"brenda.ns.cloudflare.com, dns.cloudflare.com",,NOERROR,v=spf1 ~all,,,,
[x],blogs.secure.showmax.com,"3.11.144.82, 35.176.237.181, 18.168.28.22",,"brenda.ns.cloudflare.com, dns.cloudflare.com",,NOERROR,v=spf1 ~all,,,,
[x],blue.pod-2-qa-2.cto-live-community-preprod.lc.a-2yantivirus2.showmax.com,"35.176.237.181, 3.11.144.82, 18.168.28.22",,"brenda.ns.cloudflare.com, dns.cloudflare.com",,NOERROR,v=spf1 ~all,,,,
[x],br.svn6.showmax.com,"3.11.144.82, 35.176.237.181, 18.168.28.22",,"brenda.ns.cloudflare.com, dns.cloudflare.com",,NOERROR,v=spf1 ~all,,,,
[x],careers-covid-19.showmax.com,"35.176.237.181, 18.168.28.22, 3.11.144.82",,"brenda.ns.cloudflare.com, dns.cloudflare.com",,NOERROR,v=spf1 ~all,,,,
[x],cdn-antivirus1.showmax.com,"3.11.144.82, 35.176.237.181, 18.168.28.22",,"brenda.ns.cloudflare.com, dns.cloudflare.com",,NOERROR,v=spf1 ~all,,,,
[x],cdn-img.252fblog-antivirus2.showmax.com,"18.168.28.22, 3.11.144.82, 35.176.237.181",,"brenda.ns.cloudflare.com, dns.cloudflare.com",,NOERROR,v=spf1 ~all,,,,
[x],cdn.covid-19.showmax.com,"3.11.144.82, 35.176.237.181, 18.168.28.22",,"brenda.ns.cloudflare.com, dns.cloudflare.com",,NOERROR,v=spf1 ~all,,,,
[x],cdn.showmax.com,"3.11.144.82, 18.168.28.22, 35.176.237.181",,"brenda.ns.cloudflare.com, dns.cloudflare.com",,NOERROR,v=spf1 ~all,,,,
[x],cds.static.showmax.com,,,"brenda.ns.cloudflare.com, dns.cloudflare.com",,NOERROR,v=spf1 ~all,,,,
[x],cert.secure.showmax.com,"3.11.144.82, 35.176.237.181, 18.168.28.22",,"brenda.ns.cloudflare.com, dns.cloudflare.com",,NOERROR,v=spf1 ~all,,,,
[x],certificate.secure.showmax.com,"35.176.237.181, 3.11.144.82, 18.168.28.22",,"brenda.ns.cloudflare.com, dns.cloudflare.com",,NOERROR,v=spf1 ~all,,,,
[x],chat.abvanahowmtwyb3vnsefl6mjs4sy3xjuquwo6flleohbn62x.el3diczoacyddyuoehqfhleok54ywtep5j7plhcmhg5jxdfl.227wj4y542o35hxc3fl5bmbei4t5cxqqnjxa.probe.performance.showmax.com,"35.176.237.181, 18.168.28.22, 3.11.144.82",,"brenda.ns.cloudflare.com, dns.cloudflare.com",,NOERROR,v=spf1 ~all,,,,
[x],chat.showmax.com,"3.11.144.82, 35.176.237.181, 18.168.28.22",,"brenda.ns.cloudflare.com, dns.cloudflare.com",,NOERROR,v=spf1 ~all,,,,
[x],chatvolky2001ptn.antiviruspre.showmax.com,"35.176.237.181, 3.11.144.82, 18.168.28.22",,"brenda.ns.cloudflare.com, dns.cloudflare.com",,NOERROR,v=spf1 ~all,,,,
[x],chromecast.clients.ott.showmax.com,"185.225.250.48, 185.225.250.66","chromecast.clients.ott.showmax.com.edgesuite.net, a444.dscq.akamai.net","n0dscq.akamai.net, hostmaster.akamai.com",,NOERROR,,"2a02:26f0:a600::b9e1:fa42, 2a02:26f0:a600::b9e1:fa30",,,
[x],cim-api-uat.secure.showmax.com,"3.11.144.82, 18.168.28.22, 35.176.237.181",,"brenda.ns.cloudflare.com, dns.cloudflare.com",,NOERROR,v=spf1 ~all,,,,
[x],cim-api.secure.showmax.com,"18.168.28.22, 35.176.237.181, 3.11.144.82",,"brenda.ns.cloudflare.com, dns.cloudflare.com",,NOERROR,v=spf1 ~all,,,,
[x],cim-data-quality-qa.secure.showmax.com,"3.11.144.82, 18.168.28.22, 35.176.237.181",,"brenda.ns.cloudflare.com, dns.cloudflare.com",,NOERROR,v=spf1 ~all,,,,
[x],cim-data-quality-qa.showmax.com,"35.176.237.181, 3.11.144.82, 18.168.28.22",,"brenda.ns.cloudflare.com, dns.cloudflare.com",,NOERROR,v=spf1 ~all,,,,
[x],cim-dev.secure.showmax.com,"35.176.237.181, 3.11.144.82, 18.168.28.22",,"brenda.ns.cloudflare.com, dns.cloudflare.com",,NOERROR,v=spf1 ~all,,,,
[x],cks-thirdparty.ovp.ott.showmax.com,,"cks-thirdparty.ovp.ott.showmax.com.edgesuite.net, a1267.dsct.akamai.net","n0dsct.akamai.net, hostmaster.akamai.com",,NOERROR,,"2a02:26f0:82::17c8:5717, 2a02:26f0:82::17c8:56f3",,,
[x],clientauth-keys.clients.ott.showmax.com,"184.24.77.52, 184.24.77.54","clientauth-keys.clients.ott.showmax.com.edgesuite.net, a145.dscq.akamai.net","n0dscq.akamai.net, hostmaster.akamai.com",,NOERROR,,,,,
[x],cloud.secure.showmax.com,"35.176.237.181, 18.168.28.22, 3.11.144.82",,"brenda.ns.cloudflare.com, dns.cloudflare.com",,NOERROR,v=spf1 ~all,,,,
[x],cloud.showmax.com,"18.168.28.22, 35.176.237.181, 3.11.144.82",,"brenda.ns.cloudflare.com, dns.cloudflare.com",,NOERROR,v=spf1 ~all,,,,
[x],cloud.tc.showmax.com,"18.168.28.22, 3.11.144.82, 35.176.237.181",,"brenda.ns.cloudflare.com, dns.cloudflare.com",,NOERROR,v=spf1 ~all,,,,
[x],clubhelpantivirus2.showmax.com,"18.168.28.22, 3.11.144.82, 35.176.237.181",,"brenda.ns.cloudflare.com, dns.cloudflare.com",,NOERROR,v=spf1 ~all,,,,
[x],cms.sas.ott.showmax.com,"2.19.204.226, 2.19.204.234","cms.sas.ott.showmax.com.edgesuite.net, a1049.dscq.akamai.net","n0dscq.akamai.net, hostmaster.akamai.com",,NOERROR,,"2a02:26f0:4600::213:cc2a, 2a02:26f0:4600::213:cc21",,,
[x],cname.secure.showmax.com,"18.168.28.22, 3.11.144.82, 35.176.237.181",,"brenda.ns.cloudflare.com, dns.cloudflare.com",,NOERROR,v=spf1 ~all,,,,
[x],cname.showmax.com,"18.168.28.22, 3.11.144.82, 35.176.237.181",,"brenda.ns.cloudflare.com, dns.cloudflare.com",,NOERROR,v=spf1 ~all,,,,
[x],cocovida.showmax.com,"35.176.237.181, 3.11.144.82, 18.168.28.22",,"brenda.ns.cloudflare.com, dns.cloudflare.com",,NOERROR,v=spf1 ~all,,,,
[x],code.secure.showmax.com,"3.11.144.82, 35.176.237.181, 18.168.28.22",,"brenda.ns.cloudflare.com, dns.cloudflare.com",,NOERROR,v=spf1 ~all,,,,
[x],collab.secure.showmax.com,"3.11.144.82, 35.176.237.181, 18.168.28.22",,"brenda.ns.cloudflare.com, dns.cloudflare.com",,NOERROR,v=spf1 ~all,,,,
[x],config.clients.ott.showmax.com,"2.16.238.17, 2.16.238.9","config.clients.ott.showmax.com.edgesuite.net, a321.t.akamai.net","n0t.akamai.net, hostmaster.akamai.com",,NOERROR,,,,,
[x],configbiblioteca-androidpasso-a-passo.showmax.com,"18.168.28.22, 35.176.237.181, 3.11.144.82",,"brenda.ns.cloudflare.com, dns.cloudflare.com",,NOERROR,v=spf1 ~all,,,,
[x],confluence.dev.24162.preview.equisearch.showmax.com,"18.168.28.22, 35.176.237.181, 3.11.144.82",,"brenda.ns.cloudflare.com, dns.cloudflare.com",,NOERROR,v=spf1 ~all,,,,
[x],confluence.dev.24162.stagingmai19d400.mobileapp.showmax.com,"18.168.28.22, 35.176.237.181, 3.11.144.82",,"brenda.ns.cloudflare.com, dns.cloudflare.com",,NOERROR,v=spf1 ~all,,,,
[x],confluence.dev.24162.www.bip.showmax.com,"18.168.28.22, 3.11.144.82, 35.176.237.181",,"brenda.ns.cloudflare.com, dns.cloudflare.com",,NOERROR,,,,,
[x],confluence.dev.24162mhelp.showmax.com,"35.176.237.181, 3.11.144.82, 18.168.28.22",,"brenda.ns.cloudflare.com, dns.cloudflare.com",,NOERROR,,,,,
[x],consul.secure.showmax.com,"18.168.28.22, 35.176.237.181, 3.11.144.82",,"brenda.ns.cloudflare.com, dns.cloudflare.com",,NOERROR,v=spf1 ~all,,,,
[x],controller1.24162.showmax.com,"35.176.237.181, 18.168.28.22, 3.11.144.82",,"brenda.ns.cloudflare.com, dns.cloudflare.com",,NOERROR,v=spf1 ~all,,,,
[x],coronavircovidapi-warning-banner.cofiles.showmax.com,"18.168.28.22, 3.11.144.82, 35.176.237.181",,"brenda.ns.cloudflare.com, dns.cloudflare.com",,NOERROR,v=spf1 ~all,,,,
[x],covid-19.th.cloud.tc.showmax.com,"35.176.237.181, 18.168.28.22, 3.11.144.82",,"brenda.ns.cloudflare.com, dns.cloudflare.com",,NOERROR,v=spf1 ~all,,,,
[x],covideo.openfire.showmax.com,"35.176.237.181, 3.11.144.82, 18.168.28.22",,"brenda.ns.cloudflare.com, dns.cloudflare.com",,NOERROR,v=spf1 ~all,,,,
[x],cp.secure.showmax.com,"3.11.144.82, 18.168.28.22, 35.176.237.181",,"brenda.ns.cloudflare.com, dns.cloudflare.com",,NOERROR,v=spf1 ~all,,,,
[x],crm.secure.showmax.com,"18.168.28.22, 3.11.144.82, 35.176.237.181",,"brenda.ns.cloudflare.com, dns.cloudflare.com",,NOERROR,v=spf1 ~all,,,,
[x],csg-fin-0036.csg.showmax.com,"3.11.144.82, 18.168.28.22, 35.176.237.181",,"brenda.ns.cloudflare.com, dns.cloudflare.com",,NOERROR,v=spf1 ~all,,,,
[x],csg.httpswww.showmax.com,"35.176.237.181, 18.168.28.22, 3.11.144.82",,"brenda.ns.cloudflare.com, dns.cloudflare.com",,NOERROR,v=spf1 ~all,,,,
[x],csg.showmax.com,"18.168.28.22, 3.11.144.82, 35.176.237.181",,"brenda.ns.cloudflare.com, dns.cloudflare.com",,NOERROR,v=spf1 ~all,,,,
[x],ctest-secure.www.api.showmax.com,"35.176.237.181, 3.11.144.82, 18.168.28.22",,"brenda.ns.cloudflare.com, dns.cloudflare.com",,NOERROR,v=spf1 ~all,,,,
[x],cveapi.secure.showmax.com,"35.176.237.181, 3.11.144.82, 18.168.28.22",,"brenda.ns.cloudflare.com, dns.cloudflare.com",,NOERROR,v=spf1 ~all,,,,
[x],cybertron.id.int-nft.ott.showmax.com,"104.97.14.99, 104.97.14.81","cybertron.id.int-nft.ott.showmax.com.edgesuite.net, a593.dsct.akamai.net","n0dsct.akamai.net, hostmaster.akamai.com",,NOERROR,,"2a02:26f0:fe00::686e:f0ca, 2a02:26f0:fe00::686e:f0d3",,,
[x],cybertron.id.ott.showmax.com,"2.16.100.178, 88.221.110.74","cybertron.id.ott.showmax.com.edgesuite.net, a86.dsct.akamai.net","n0dsct.akamai.net, hostmaster.akamai.com",,NOERROR,,"2a02:26f0:82::17c8:570d, 2a02:26f0:82::17c8:56ea",,,
[x],db.secure.showmax.com,"3.11.144.82, 35.176.237.181, 18.168.28.22",,"brenda.ns.cloudflare.com, dns.cloudflare.com",,NOERROR,v=spf1 ~all,,,,
[x],dbmsipv6qa-apiproduction.chat.showmax.com,"35.176.237.181, 18.168.28.22, 3.11.144.82",,"brenda.ns.cloudflare.com, dns.cloudflare.com",,NOERROR,v=spf1 ~all,,,,
[x],dc.secure.showmax.com,"3.11.144.82, 35.176.237.181, 18.168.28.22",,"brenda.ns.cloudflare.com, dns.cloudflare.com",,NOERROR,v=spf1 ~all,,,,
[x],dc.showmax.com,"35.176.237.181, 18.168.28.22, 3.11.144.82",,"brenda.ns.cloudflare.com, dns.cloudflare.com",,NOERROR,v=spf1 ~all,,,,
[x],de.secure.showmax.com,"18.168.28.22, 35.176.237.181, 3.11.144.82",,"brenda.ns.cloudflare.com, dns.cloudflare.com",,NOERROR,v=spf1 ~all,,,,
[x],default.antiviruspre.showmax.com,"35.176.237.181, 18.168.28.22, 3.11.144.82",,"brenda.ns.cloudflare.com, dns.cloudflare.com",,NOERROR,v=spf1 ~all,,,,
[x],denverhelp.showmax.com,"35.176.237.181, 18.168.28.22, 3.11.144.82",,"brenda.ns.cloudflare.com, dns.cloudflare.com",,NOERROR,v=spf1 ~all,,,,
[x],dev-m.static.showmax.com,"3.11.144.82, 18.168.28.22, 35.176.237.181",,"brenda.ns.cloudflare.com, dns.cloudflare.com",,NOERROR,v=spf1 ~all,,,,
[x],dev-s3temp.showmax.com,"18.168.28.22, 35.176.237.181, 3.11.144.82",,"brenda.ns.cloudflare.com, dns.cloudflare.com",,NOERROR,v=spf1 ~all,,,,
[x],dev-staging.static.showmax.com,"3.11.144.82, 35.176.237.181, 18.168.28.22",,"brenda.ns.cloudflare.com, dns.cloudflare.com",,NOERROR,v=spf1 ~all,,,,
[x],dev.24162.163-172.showmax.com,"3.11.144.82, 18.168.28.22, 35.176.237.181",,"brenda.ns.cloudflare.com, dns.cloudflare.com",,NOERROR,v=spf1 ~all,,,,
[x],dev.24162.f3a.showmax.com,"18.168.28.22, 35.176.237.181, 3.11.144.82",,"brenda.ns.cloudflare.com, dns.cloudflare.com",,NOERROR,v=spf1 ~all,,,,
[x],dev.241625268.showmax.com,"3.11.144.82, 35.176.237.181, 18.168.28.22",,"brenda.ns.cloudflare.com, dns.cloudflare.com",,NOERROR,,,,,
[x],dev.24162qiugoubaijiale.showmax.com,"3.11.144.82, 35.176.237.181, 18.168.28.22",,"brenda.ns.cloudflare.com, dns.cloudflare.com",,NOERROR,,,,,
[x],devna.showmax.com,"3.11.144.82, 35.176.237.181, 18.168.28.22",,"brenda.ns.cloudflare.com, dns.cloudflare.com",,NOERROR,v=spf1 ~all,,,,
[x],disco.int-nft.ott.showmax.com,,,"dns1.int-nft.ott.showmax.com, hostmaster.int-nft.ott.showmax.com",,NOERROR,,,,,
[x],disco.ott.showmax.com,,,"dns1.ott.showmax.com, hostmaster.ott.showmax.com",,NOERROR,,,,,
[x],dnm.secure.showmax.com,"18.168.28.22, 3.11.144.82, 35.176.237.181",,"brenda.ns.cloudflare.com, dns.cloudflare.com",,NOERROR,v=spf1 ~all,,,,
[x],dns.secure.showmax.com,"18.168.28.22, 35.176.237.181, 3.11.144.82",,"brenda.ns.cloudflare.com, dns.cloudflare.com",,NOERROR,v=spf1 ~all,,,,
[x],dns1.secure.showmax.com,"18.168.28.22, 35.176.237.181, 3.11.144.82",,"brenda.ns.cloudflare.com, dns.cloudflare.com",,NOERROR,v=spf1 ~all,,,,
[x],dns2.secure.showmax.com,,,"brenda.ns.cloudflare.com, dns.cloudflare.com",,NOERROR,v=spf1 ~all,,,,
[x],dns2.showmax.com,,,"brenda.ns.cloudflare.com, dns.cloudflare.com",,NOERROR,v=spf1 ~all,,,,
[x],download.secure.showmax.com,"3.11.144.82, 18.168.28.22, 35.176.237.181",,"brenda.ns.cloudflare.com, dns.cloudflare.com",,NOERROR,v=spf1 ~all,,,,
[x],download.showmax.com,"35.176.237.181, 18.168.28.22, 3.11.144.82",,"brenda.ns.cloudflare.com, dns.cloudflare.com",,NOERROR,v=spf1 ~all,,,,
[x],dyn.secure.showmax.com,"3.11.144.82, 18.168.28.22, 35.176.237.181",,"brenda.ns.cloudflare.com, dns.cloudflare.com",,NOERROR,v=spf1 ~all,,,,
[x],ebiz.apiantiviruspre.showmax.com,"3.11.144.82, 35.176.237.181, 18.168.28.22",,"brenda.ns.cloudflare.com, dns.cloudflare.com",,NOERROR,v=spf1 ~all,,,,
[x],edge.secure.showmax.com,"3.11.144.82, 35.176.237.181, 18.168.28.22",,"brenda.ns.cloudflare.com, dns.cloudflare.com",,NOERROR,v=spf1 ~all,,,,
[x],ehr.222.showmax.com,"3.11.144.82, 35.176.237.181, 18.168.28.22",,"brenda.ns.cloudflare.com, dns.cloudflare.com",,NOERROR,v=spf1 ~all,,,,
[x],elastic.secure.showmax.com,"35.176.237.181, 3.11.144.82, 18.168.28.22",,"brenda.ns.cloudflare.com, dns.cloudflare.com",,NOERROR,v=spf1 ~all,,,,
[x],elastic.showmax.com,"35.176.237.181, 18.168.28.22, 3.11.144.82",,"brenda.ns.cloudflare.com, dns.cloudflare.com",,NOERROR,v=spf1 ~all,,,,
[x],email.secure.showmax.com,"18.168.28.22, 3.11.144.82, 35.176.237.181",,"brenda.ns.cloudflare.com, dns.cloudflare.com",,NOERROR,v=spf1 ~all,,,,
[x],email.showmax.com,"3.11.144.82, 35.176.237.181, 18.168.28.22",,"brenda.ns.cloudflare.com, dns.cloudflare.com",,NOERROR,v=spf1 ~all,,,,
[x],en.secure.showmax.com,"35.176.237.181, 3.11.144.82, 18.168.28.22",,"brenda.ns.cloudflare.com, dns.cloudflare.com",,NOERROR,v=spf1 ~all,,,,
[x],env.showmax.com,"35.176.237.181, 18.168.28.22, 3.11.144.82",,"brenda.ns.cloudflare.com, dns.cloudflare.com",,NOERROR,v=spf1 ~all,,,,
[x],eski.showmax.com,"35.176.237.181, 18.168.28.22, 3.11.144.82",,"brenda.ns.cloudflare.com, dns.cloudflare.com",,NOERROR,,,,,
[x],exchange.secure.showmax.com,"35.176.237.181, 3.11.144.82, 18.168.28.22",,"brenda.ns.cloudflare.com, dns.cloudflare.com",,NOERROR,v=spf1 ~all,,,,
[x],exmail.secure.showmax.com,"3.11.144.82, 18.168.28.22, 35.176.237.181",,"brenda.ns.cloudflare.com, dns.cloudflare.com",,NOERROR,v=spf1 ~all,,,,
[x],ey-covid-19.showmax.com,"18.168.28.22, 35.176.237.181, 3.11.144.82",,"brenda.ns.cloudflare.com, dns.cloudflare.com",,NOERROR,v=spf1 ~all,,,,
[x],f.email.tech.showmax.com,"18.168.28.22, 35.176.237.181, 3.11.144.82",,"brenda.ns.cloudflare.com, dns.cloudflare.com",,NOERROR,v=spf1 ~all,,,,
[x],faq.showmax.com,"3.11.144.82, 18.168.28.22, 35.176.237.181",,"brenda.ns.cloudflare.com, dns.cloudflare.com",,NOERROR,v=spf1 ~all,,,,
[x],fastly.showmax.com,,,"brenda.ns.cloudflare.com, dns.cloudflare.com",,NOERROR,,,,,
[x],findhelp.showmax.com,"3.11.144.82, 35.176.237.181, 18.168.28.22",,"brenda.ns.cloudflare.com, dns.cloudflare.com",,NOERROR,v=spf1 ~all,,,,
[x],forums.secure.showmax.com,,,,,NOERROR,v=spf1 ~all,,,,
[x],ftp.secure.showmax.com,"35.176.237.181, 3.11.144.82, 18.168.28.22",,"brenda.ns.cloudflare.com, dns.cloudflare.com",,NOERROR,v=spf1 ~all,,,,
[x],fuckyou.secure.showmax.com,"3.11.144.82, 35.176.237.181, 18.168.28.22",,"brenda.ns.cloudflare.com, dns.cloudflare.com",,NOERROR,v=spf1 ~all,,,,
[x],ga.showmax.com,"35.176.237.181, 18.168.28.22, 3.11.144.82",,"brenda.ns.cloudflare.com, dns.cloudflare.com",,NOERROR,v=spf1 ~all,,,,
[x],gac-rds-external-readonly-preprod.secure.showmax.com,"35.176.237.181, 3.11.144.82, 18.168.28.22",,"brenda.ns.cloudflare.com, dns.cloudflare.com",,NOERROR,v=spf1 ~all,,,,
[x],gac-rds-external-readonly-preprod.showmax.com,"3.11.144.82, 35.176.237.181, 18.168.28.22",,"brenda.ns.cloudflare.com, dns.cloudflare.com",,NOERROR,v=spf1 ~all,,,,
[x],gcom-product-find-dev.secure.showmax.com,"18.168.28.22, 35.176.237.181, 3.11.144.82",,"brenda.ns.cloudflare.com, dns.cloudflare.com",,NOERROR,v=spf1 ~all,,,,
[x],gcom-product-find-qa.showmax.com,"18.168.28.22, 3.11.144.82, 35.176.237.181",,"brenda.ns.cloudflare.com, dns.cloudflare.com",,NOERROR,v=spf1 ~all,,,,
[x],gitlab.secure.showmax.com,"18.168.28.22, 3.11.144.82, 35.176.237.181",,"brenda.ns.cloudflare.com, dns.cloudflare.com",,NOERROR,v=spf1 ~all,,,,
[x],gitlab.showmax.com,"18.168.28.22, 3.11.144.82, 35.176.237.181",,"brenda.ns.cloudflare.com, dns.cloudflare.com",,NOERROR,v=spf1 ~all,,,,
[x],go.secure.showmax.com,"35.176.237.181, 18.168.28.22, 3.11.144.82",,"brenda.ns.cloudflare.com, dns.cloudflare.com",,NOERROR,,,,,
[x],gui.secure.showmax.com,"18.168.28.22, 3.11.144.82, 35.176.237.181",,"brenda.ns.cloudflare.com, dns.cloudflare.com",,NOERROR,v=spf1 ~all,,,,
[x],gws-qa.secure.showmax.com,"3.11.144.82, 18.168.28.22, 35.176.237.181",,"brenda.ns.cloudflare.com, dns.cloudflare.com",,NOERROR,v=spf1 ~all,,,,
[x],gws-qa.showmax.com,"35.176.237.181, 18.168.28.22, 3.11.144.82",,"brenda.ns.cloudflare.com, dns.cloudflare.com",,NOERROR,v=spf1 ~all,,,,
[x],hcfegb.www.api.showmax.com,"3.11.144.82, 18.168.28.22, 35.176.237.181",,"brenda.ns.cloudflare.com, dns.cloudflare.com",,NOERROR,v=spf1 ~all,,,,
[x],help.covid-19.showmax.com,"3.11.144.82, 18.168.28.22, 35.176.237.181",,"brenda.ns.cloudflare.com, dns.cloudflare.com",,NOERROR,v=spf1 ~all,,,,
[x],help.secure.showmax.com,"35.176.237.181, 18.168.28.22, 3.11.144.82",,"brenda.ns.cloudflare.com, dns.cloudflare.com",,NOERROR,v=spf1 ~all,,,,
[x],hideip.secure.showmax.com,,,"brenda.ns.cloudflare.com, dns.cloudflare.com",,NOERROR,v=spf1 ~all,,,,
[x],home.secure.showmax.com,"35.176.237.181, 18.168.28.22, 3.11.144.82",,"brenda.ns.cloudflare.com, dns.cloudflare.com",,NOERROR,v=spf1 ~all,,,,
[x],home.showmax.com,"18.168.28.22, 3.11.144.82, 35.176.237.181",,"brenda.ns.cloudflare.com, dns.cloudflare.com",,NOERROR,v=spf1 ~all,,,,
[x],host-130-16-142-28.httpswww.showmax.com,"35.176.237.181, 3.11.144.82, 18.168.28.22",,"brenda.ns.cloudflare.com, dns.cloudflare.com",,NOERROR,v=spf1 ~all,,,,
[x],host-209-149-113-12.acomponeocovid19.sa.showmax.com,"18.168.28.22, 35.176.237.181, 3.11.144.82",,"brenda.ns.cloudflare.com, dns.cloudflare.com",,NOERROR,,,,,
[x],host-209-149-114-117.acomponeocovid19.sa.showmax.com,"3.11.144.82, 18.168.28.22, 35.176.237.181",,"brenda.ns.cloudflare.com, dns.cloudflare.com",,NOERROR,v=spf1 ~all,,,,
[x],host-209-149-114-77componeocovid19.sa.showmax.com,"35.176.237.181, 3.11.144.82, 18.168.28.22",,"brenda.ns.cloudflare.com, dns.cloudflare.com",,NOERROR,v=spf1 ~all,,,,
[x],host-209-149-115-149.acomponeocovid19.sa.showmax.com,"3.11.144.82, 35.176.237.181, 18.168.28.22",,"brenda.ns.cloudflare.com, dns.cloudflare.com",,NOERROR,v=spf1 ~all,,,,
[x],host.coronavirus.showmax.com,"18.168.28.22, 35.176.237.181, 3.11.144.82",,"brenda.ns.cloudflare.com, dns.cloudflare.com",,NOERROR,v=spf1 ~all,,,,
[x],host.quantu-mirrorschooplacestilityponeocovidev.sa.showmax.com,"18.168.28.22, 3.11.144.82, 35.176.237.181",,"brenda.ns.cloudflare.com, dns.cloudflare.com",,NOERROR,v=spf1 ~all,,,,
[x],host69.tech.showmax.com,"3.11.144.82, 35.176.237.181, 18.168.28.22",,"brenda.ns.cloudflare.com, dns.cloudflare.com",,NOERROR,v=spf1 ~all,,,,
[x],hostmaster.secure.showmax.com,"35.176.237.181, 3.11.144.82, 18.168.28.22",,"brenda.ns.cloudflare.com, dns.cloudflare.com",,NOERROR,v=spf1 ~all,,,,
[x],hostmaster.showmax.com,"35.176.237.181, 3.11.144.82, 18.168.28.22",,"brenda.ns.cloudflare.com, dns.cloudflare.com",,NOERROR,v=spf1 ~all,,,,
[x],hrocomponeocovid19.sa.showmax.com,"18.168.28.22, 3.11.144.82, 35.176.237.181",,"brenda.ns.cloudflare.com, dns.cloudflare.com",,NOERROR,v=spf1 ~all,,,,
[x],hsc.showmax.com,"3.11.144.82, 35.176.237.181, 18.168.28.22",,"brenda.ns.cloudflare.com, dns.cloudflare.com",,NOERROR,v=spf1 ~all,,,,
[x],hscantivirus.hsc.showmax.com,"35.176.237.181, 3.11.144.82, 18.168.28.22",,"brenda.ns.cloudflare.com, dns.cloudflare.com",,NOERROR,v=spf1 ~all,,,,
[x],hss-hca-0086.shca.acomponeocovid19.sa.showmax.com,"3.11.144.82, 35.176.237.181, 18.168.28.22",,"brenda.ns.cloudflare.com, dns.cloudflare.com",,NOERROR,v=spf1 ~all,,,,
[x],hss-ppls-0184.pplscomponeocovid19.sa.showmax.com,"3.11.144.82, 35.176.237.181, 18.168.28.22",,"brenda.ns.cloudflare.com, dns.cloudflare.com",,NOERROR,,,,,
[x],hsubscrowdsourceslueskyucban76543210zyxwvuts4rqponmlk.r0.rule-k48-acomponeocovid19.sa.showmax.com,"18.168.28.22, 35.176.237.181, 3.11.144.82",,"brenda.ns.cloudflare.com, dns.cloudflare.com",,NOERROR,v=spf1 ~all,,,,
[x],html5.showmax.com,"35.176.237.181, 18.168.28.22, 3.11.144.82",,"brenda.ns.cloudflare.com, dns.cloudflare.com",,NOERROR,v=spf1 ~all,,,,
[x],huborn2-acomponeocovid19.sa.showmax.com,"18.168.28.22, 35.176.237.181, 3.11.144.82",,"brenda.ns.cloudflare.com, dns.cloudflare.com",,NOERROR,v=spf1 ~all,,,,
[x],hueacomponeocovid19.sa.showmax.com,"18.168.28.22, 35.176.237.181, 3.11.144.82",,"brenda.ns.cloudflare.com, dns.cloudflare.com",,NOERROR,v=spf1 ~all,,,,
[x],huisgenoot.showmax.com,"18.168.28.22, 35.176.237.181, 3.11.144.82",,"brenda.ns.cloudflare.com, dns.cloudflare.com",,NOERROR,v=spf1 ~all,,,,
[x],hybridb.scifun.acomponeocovid19.sa.showmax.com,"18.168.28.22, 35.176.237.181, 3.11.144.82",,"brenda.ns.cloudflare.com, dns.cloudflare.com",,NOERROR,v=spf1 ~all,,,,
[x],hyunmincocomponeocovid19.sa.showmax.com,"18.168.28.22, 3.11.144.82, 35.176.237.181",,"brenda.ns.cloudflare.com, dns.cloudflare.com",,NOERROR,v=spf1 ~all,,,,
[x],i.uqa.lv3.hbogo.com.ccomponeocovid19.sa.showmax.com,"18.168.28.22, 3.11.144.82, 35.176.237.181",,"brenda.ns.cloudflare.com, dns.cloudflare.com",,NOERROR,v=spf1 ~all,,,,
[x],i4n.acomponeocovid19.sa.showmax.com,"3.11.144.82, 18.168.28.22, 35.176.237.181",,"brenda.ns.cloudflare.com, dns.cloudflare.com",,NOERROR,v=spf1 ~all,,,,
[x],i4scomponeocovid19.sa.showmax.com,"35.176.237.181, 18.168.28.22, 3.11.144.82",,"brenda.ns.cloudflare.com, dns.cloudflare.com",,NOERROR,v=spf1 ~all,,,,
[x],i7e-acomponeocovid19.sa.showmax.com,"18.168.28.22, 35.176.237.181, 3.11.144.82",,"brenda.ns.cloudflare.com, dns.cloudflare.com",,NOERROR,v=spf1 ~all,,,,
[x],iam.secure.showmax.com,"35.176.237.181, 3.11.144.82, 18.168.28.22",,"brenda.ns.cloudflare.com, dns.cloudflare.com",,NOERROR,v=spf1 ~all,,,,
[x],icenerve.acomponeocovid19.sa.showmax.com,"18.168.28.22, 3.11.144.82, 35.176.237.181",,"brenda.ns.cloudflare.com, dns.cloudflare.com",,NOERROR,,,,,
[x],id.int-nft.ott.showmax.com,,,"dns1.int-nft.ott.showmax.com, hostmaster.int-nft.ott.showmax.com",,NOERROR,,,,,
[x],idmhelp.showmax.com,"18.168.28.22, 35.176.237.181, 3.11.144.82",,"brenda.ns.cloudflare.com, dns.cloudflare.com",,NOERROR,v=spf1 ~all,,,,
[x],igel.showmax.com,"3.11.144.82, 35.176.237.181, 18.168.28.22",,"brenda.ns.cloudflare.com, dns.cloudflare.com",,NOERROR,v=spf1 ~all,,,,
[x],images.secure.showmax.com,"3.11.144.82, 35.176.237.181, 18.168.28.22",,"brenda.ns.cloudflare.com, dns.cloudflare.com",,NOERROR,v=spf1 ~all,,,,
[x],imap.secure.showmax.com,"3.11.144.82, 18.168.28.22, 35.176.237.181",,"brenda.ns.cloudflare.com, dns.cloudflare.com",,NOERROR,v=spf1 ~all,,,,
[x],img.secure.showmax.com,"18.168.28.22, 35.176.237.181, 3.11.144.82",,"brenda.ns.cloudflare.com, dns.cloudflare.com",,NOERROR,v=spf1 ~all,,,,
[x],img.stg.252fblog.showmax.com,"35.176.237.181, 18.168.28.22, 3.11.144.82",,"brenda.ns.cloudflare.com, dns.cloudflare.com",,NOERROR,v=spf1 ~all,,,,
[x],inbound.showmax.com,"18.168.28.22, 35.176.237.181, 3.11.144.82",,"brenda.ns.cloudflare.com, dns.cloudflare.com",,NOERROR,v=spf1 ~all,,,,
[x],info-antiviruspre.showmax.com,"3.11.144.82, 18.168.28.22, 35.176.237.181",,"brenda.ns.cloudflare.com, dns.cloudflare.com",,NOERROR,v=spf1 ~all,,,,
[x],info.secure.showmax.com,"3.11.144.82, 18.168.28.22, 35.176.237.181",,"brenda.ns.cloudflare.com, dns.cloudflare.com",,NOERROR,v=spf1 ~all,,,,
[x],int-nft.ott.showmax.com,,,"dns1.int-nft.ott.showmax.com, hostmaster.int-nft.ott.showmax.com",,NOERROR,,,"a26-65.akam.net, a7-64.akam.net, a24-66.akam.net, a9-66.akam.net, a1-139.akam.net, a18-66.akam.net",,
[x],ip83help.showmax.com,"35.176.237.181, 18.168.28.22, 3.11.144.82",,"brenda.ns.cloudflare.com, dns.cloudflare.com",,NOERROR,v=spf1 ~all,,,,
[x],ipv6.secure.showmax.com,"18.168.28.22, 3.11.144.82, 35.176.237.181",,"brenda.ns.cloudflare.com, dns.cloudflare.com",,NOERROR,v=spf1 ~all,,,,
[x],ited.www.secure.showmax.com,"3.11.144.82, 35.176.237.181, 18.168.28.22",,"brenda.ns.cloudflare.com, dns.cloudflare.com",,NOERROR,v=spf1 ~all,,,,
[x],jg.chat.showmax.com,"18.168.28.22, 35.176.237.181, 3.11.144.82",,"brenda.ns.cloudflare.com, dns.cloudflare.com",,NOERROR,v=spf1 ~all,,,,
[x],jnhelp.showmax.com,"18.168.28.22, 3.11.144.82, 35.176.237.181",,"brenda.ns.cloudflare.com, dns.cloudflare.com",,NOERROR,v=spf1 ~all,,,,
[x],job.showmax.com,"3.11.144.82, 35.176.237.181, 18.168.28.22",,"brenda.ns.cloudflare.com, dns.cloudflare.com",,NOERROR,,,,,
[x],jobs.showmax.com,"35.176.237.181, 3.11.144.82, 18.168.28.22",,"brenda.ns.cloudflare.com, dns.cloudflare.com",,NOERROR,v=spf1 ~all,,,,
[x],jointtransit.showmax.com,"35.176.237.181, 3.11.144.82, 18.168.28.22",,"brenda.ns.cloudflare.com, dns.cloudflare.com",,NOERROR,v=spf1 ~all,,,,
[x],jointtransit.sitestaginstagilediscovidev.sa.showmax.com,"35.176.237.181, 18.168.28.22, 3.11.144.82",,"brenda.ns.cloudflare.com, dns.cloudflare.com",,NOERROR,v=spf1 ~all,,,,
[x],ke-eadc-01-seacom.cdn.showmax.com,"35.176.237.181, 18.168.28.22, 3.11.144.82",,"brenda.ns.cloudflare.com, dns.cloudflare.com",,NOERROR,v=spf1 ~all,,,,
[x],ke-eadc-02-seacom.cdn.showmax.com,"18.168.28.22, 3.11.144.82, 35.176.237.181",,"brenda.ns.cloudflare.com, dns.cloudflare.com",,NOERROR,v=spf1 ~all,,,,
[x],ke-eadc-02-zuku.cdn.showmax.com,"35.176.237.181, 18.168.28.22, 3.11.144.82",,"brenda.ns.cloudflare.com, dns.cloudflare.com",,NOERROR,v=spf1 ~all,,,,
[x],ks-invoice-api.secure.showmax.com,"3.11.144.82, 35.176.237.181, 18.168.28.22",,"brenda.ns.cloudflare.com, dns.cloudflare.com",,NOERROR,v=spf1 ~all,,,,
[x],ks-limits-api.secure.showmax.com,"3.11.144.82, 18.168.28.22, 35.176.237.181",,"brenda.ns.cloudflare.com, dns.cloudflare.com",,NOERROR,v=spf1 ~all,,,,
[x],ks-order-api.secure.showmax.com,"18.168.28.22, 35.176.237.181, 3.11.144.82",,"brenda.ns.cloudflare.com, dns.cloudflare.com",,NOERROR,v=spf1 ~all,,,,
[x],ks-program-api.secure.showmax.com,"3.11.144.82, 18.168.28.22, 35.176.237.181",,"brenda.ns.cloudflare.com, dns.cloudflare.com",,NOERROR,v=spf1 ~all,,,,
[x],ks-vendingtransactions-mq0.showmax.com,"35.176.237.181, 18.168.28.22, 3.11.144.82",,"brenda.ns.cloudflare.com, dns.cloudflare.com",,NOERROR,v=spf1 ~all,,,,
[x],ks-vendingtransactions-mq1.secure.showmax.com,"18.168.28.22, 35.176.237.181, 3.11.144.82",,"brenda.ns.cloudflare.com, dns.cloudflare.com",,NOERROR,v=spf1 ~all,,,,
[x],ks-vendingtransactions-mq1.showmax.com,"35.176.237.181, 3.11.144.82, 18.168.28.22",,"brenda.ns.cloudflare.com, dns.cloudflare.com",,NOERROR,v=spf1 ~all,,,,
[x],ks-vendingtransactions-mq2.secure.showmax.com,"3.11.144.82, 35.176.237.181, 18.168.28.22",,"brenda.ns.cloudflare.com, dns.cloudflare.com",,NOERROR,v=spf1 ~all,,,,
[x],ks-vendingtransactions-mq3.secure.showmax.com,"3.11.144.82, 35.176.237.181, 18.168.28.22",,"brenda.ns.cloudflare.com, dns.cloudflare.com",,NOERROR,v=spf1 ~all,,,,
[x],ks-vendingtransactions-mq3.showmax.com,"3.11.144.82, 18.168.28.22, 35.176.237.181",,"brenda.ns.cloudflare.com, dns.cloudflare.com",,NOERROR,,,,,
[x],lc.a-2yantivirus2.showmax.com,"35.176.237.181, 18.168.28.22, 3.11.144.82",,"brenda.ns.cloudflare.com, dns.cloudflare.com",,NOERROR,v=spf1 ~all,,,,
[x],lcjzijoizhfpdkfrcxbmu.admin.sandbox.showmax.com,"35.176.237.181, 3.11.144.82, 18.168.28.22",,"brenda.ns.cloudflare.com, dns.cloudflare.com",,NOERROR,v=spf1 ~all,,,,
[x],leaseoffersu.leasingsolutions.www.api.showmax.com,"3.11.144.82, 18.168.28.22, 35.176.237.181",,"brenda.ns.cloudflare.com, dns.cloudflare.com",,NOERROR,v=spf1 ~all,,,,
[x],links.email.showmax.com,"18.168.28.22, 3.11.144.82, 35.176.237.181",haproxy.sm-prod.platfoo.com,"ns-1526.awsdns-62.org, awsdns-hostmaster.amazon.com",,NOERROR,,,,,
[x],links.info.showmax.com,"18.168.28.22, 35.176.237.181, 3.11.144.82",haproxy.sm-prod.platfoo.com,"ns-1526.awsdns-62.org, awsdns-hostmaster.amazon.com",,NOERROR,,,,,
[x],live-gcdn-isn.cdn.showmax.com,,,"brenda.ns.cloudflare.com, dns.cloudflare.com",,NOERROR,,,,True,google
[x],localhost.secure.showmax.com,"3.11.144.82, 35.176.237.181, 18.168.28.22",,"brenda.ns.cloudflare.com, dns.cloudflare.com",,NOERROR,v=spf1 ~all,,,,
[x],log.showmax.com,"35.176.237.181, 3.11.144.82, 18.168.28.22",,"brenda.ns.cloudflare.com, dns.cloudflare.com",,NOERROR,,,,,
[x],loncov9.showmax.com,"3.11.144.82, 18.168.28.22, 35.176.237.181",,"brenda.ns.cloudflare.com, dns.cloudflare.com",,NOERROR,v=spf1 ~all,,,,
[x],lsweb.static.showmax.com,"18.168.28.22, 35.176.237.181, 3.11.144.82",,"brenda.ns.cloudflare.com, dns.cloudflare.com",,NOERROR,v=spf1 ~all,,,,
[x],lswebext.tech.showmax.com,"35.176.237.181, 3.11.144.82, 18.168.28.22",,"brenda.ns.cloudflare.com, dns.cloudflare.com",,NOERROR,v=spf1 ~all,,,,
[x],lws.www.api.showmax.com,"35.176.237.181, 3.11.144.82, 18.168.28.22",,"brenda.ns.cloudflare.com, dns.cloudflare.com",,NOERROR,v=spf1 ~all,,,,
[x],m.secure.showmax.com,"18.168.28.22, 35.176.237.181, 3.11.144.82",,"brenda.ns.cloudflare.com, dns.cloudflare.com",,NOERROR,v=spf1 ~all,,,,
[x],m88help.showmax.com,"3.11.144.82, 35.176.237.181, 18.168.28.22",,"brenda.ns.cloudflare.com, dns.cloudflare.com",,NOERROR,v=spf1 ~all,,,,
[x],maatjie.showmax.com,"3.11.144.82, 18.168.28.22, 35.176.237.181",,"brenda.ns.cloudflare.com, dns.cloudflare.com",,NOERROR,v=spf1 ~all,,,,
[x],mail.dishub.252fblog.showmax.com,"35.176.237.181, 18.168.28.22, 3.11.144.82",,"brenda.ns.cloudflare.com, dns.cloudflare.com",,NOERROR,v=spf1 ~all,,,,
[x],mail.info-antiviruspre.showmax.com,"35.176.237.181, 3.11.144.82, 18.168.28.22",,"brenda.ns.cloudflare.com, dns.cloudflare.com",,NOERROR,v=spf1 ~all,,,,
[x],mail.satpolpp.252fblog.showmax.com,"18.168.28.22, 3.11.144.82, 35.176.237.181",,"brenda.ns.cloudflare.com, dns.cloudflare.com",,NOERROR,v=spf1 ~all,,,,
[x],mail.secure.showmax.com,"35.176.237.181, 3.11.144.82, 18.168.28.22",,"brenda.ns.cloudflare.com, dns.cloudflare.com",,NOERROR,,,,,
[x],mail1.showmax.com,"3.11.144.82, 18.168.28.22, 35.176.237.181",,"brenda.ns.cloudflare.com, dns.cloudflare.com",,NOERROR,v=spf1 ~all,,,,
[x],mail2.secure.showmax.com,"18.168.28.22, 3.11.144.82, 35.176.237.181",,"brenda.ns.cloudflare.com, dns.cloudflare.com",,NOERROR,v=spf1 ~all,,,,
[x],mail2.showmax.com,,,"brenda.ns.cloudflare.com, dns.cloudflare.com",,NOERROR,v=spf1 ~all,,,,
[x],mailserver.secure.showmax.com,"18.168.28.22, 3.11.144.82, 35.176.237.181",,"brenda.ns.cloudflare.com, dns.cloudflare.com",,NOERROR,v=spf1 ~all,,,,
[x],mc.showmax.com,"3.11.144.82, 35.176.237.181, 18.168.28.22",,"brenda.ns.cloudflare.com, dns.cloudflare.com",,NOERROR,v=spf1 ~all,,,,
[x],media.secure.showmax.com,"35.176.237.181, 3.11.144.82, 18.168.28.22",,"brenda.ns.cloudflare.com, dns.cloudflare.com",,NOERROR,v=spf1 ~all,,,,
[x],media.showmax.com,"3.11.144.82, 18.168.28.22, 35.176.237.181",,"brenda.ns.cloudflare.com, dns.cloudflare.com",,NOERROR,,,,,
[x],membros.www.securevaccine.showmax.com,"35.176.237.181, 18.168.28.22, 3.11.144.82",,"brenda.ns.cloudflare.com, dns.cloudflare.com",,NOERROR,v=spf1 ~all,,,,
[x],merwok.showmax.com,"35.176.237.181, 3.11.144.82, 18.168.28.22",,"brenda.ns.cloudflare.com, dns.cloudflare.com",,NOERROR,v=spf1 ~all,,,,
[x],ml.secure.showmax.com,"18.168.28.22, 35.176.237.181, 3.11.144.82",,"brenda.ns.cloudflare.com, dns.cloudflare.com",,NOERROR,,,,,
[x],mobile.clients.ott.showmax.com,"104.97.14.107, 104.97.14.33","mobile.clients.ott.showmax.com.edgesuite.net, a1043.dsct.akamai.net","n0dsct.akamai.net, hostmaster.akamai.com",,NOERROR,,"2a02:26f0:fe00::686e:f0d1, 2a02:26f0:fe00::686e:f0e0",,,
[x],moments.chat.showmax.com,"18.168.28.22, 35.176.237.181, 3.11.144.82",,"brenda.ns.cloudflare.com, dns.cloudflare.com",,NOERROR,v=spf1 ~all,,,,
[x],mongodb.secure.showmax.com,"35.176.237.181, 18.168.28.22, 3.11.144.82",,"brenda.ns.cloudflare.com, dns.cloudflare.com",,NOERROR,v=spf1 ~all,,,,
[x],mongodb.showmax.com,"35.176.237.181, 18.168.28.22, 3.11.144.82",,"brenda.ns.cloudflare.com, dns.cloudflare.com",,NOERROR,v=spf1 ~all,,,,
[x],monica.chat.showmax.com,"3.11.144.82, 18.168.28.22, 35.176.237.181",,"brenda.ns.cloudflare.com, dns.cloudflare.com",,NOERROR,,,,,
[x],mono85861stories-showmax.o254.mail.info-antiviruspre.showmax.com,"3.11.144.82, 18.168.28.22, 35.176.237.181",,"brenda.ns.cloudflare.com, dns.cloudflare.com",,NOERROR,v=spf1 ~all,,,,
[x],move-s-jp.web18615za-cptteraco-03-napafrica.cdn.showmax.com,"18.168.28.22, 35.176.237.181, 3.11.144.82",,"brenda.ns.cloudflare.com, dns.cloudflare.com",,NOERROR,v=spf1 ~all,,,,
[x],mssql.secure.showmax.com,"35.176.237.181, 18.168.28.22, 3.11.144.82",,"brenda.ns.cloudflare.com, dns.cloudflare.com",,NOERROR,v=spf1 ~all,,,,
[x],mta-sts.secure.showmax.com,"18.168.28.22, 3.11.144.82, 35.176.237.181",,"brenda.ns.cloudflare.com, dns.cloudflare.com",,NOERROR,v=spf1 ~all,,,,
[x],mta23.secure.showmax.com,"35.176.237.181, 3.11.144.82, 18.168.28.22",,"brenda.ns.cloudflare.com, dns.cloudflare.com",,NOERROR,v=spf1 ~all,,,,
[x],mta41.secure.showmax.com,"18.168.28.22, 35.176.237.181, 3.11.144.82",,"brenda.ns.cloudflare.com, dns.cloudflare.com",,NOERROR,v=spf1 ~all,,,,
[x],mvpd.clients.ott.showmax.com,"23.2.13.17, 23.2.13.41","mvpd.clients.ott.showmax.com.edgesuite.net, a613.dscq.akamai.net","n0dscq.akamai.net, hostmaster.akamai.com",,NOERROR,,"2a02:26f0:1700:f::1737:a19d, 2a02:26f0:1700:f::1737:a1a5",,,
[x],mx01.showmax.com,,,"brenda.ns.cloudflare.com, dns.cloudflare.com",,NOERROR,,,,,
[x],mx1.secure.showmax.com,"3.11.144.82, 35.176.237.181, 18.168.28.22",,"brenda.ns.cloudflare.com, dns.cloudflare.com",,NOERROR,v=spf1 ~all,,,,
[x],mx211.api.showmax.com,"18.168.28.22, 3.11.144.82, 35.176.237.181",,"brenda.ns.cloudflare.com, dns.cloudflare.com",,NOERROR,v=spf1 ~all,,,,
[x],mx229.api.showmax.com,"35.176.237.181, 18.168.28.22, 3.11.144.82",,"brenda.ns.cloudflare.com, dns.cloudflare.com",,NOERROR,v=spf1 ~all,,,,
[x],mysql.secure.showmax.com,"3.11.144.82, 35.176.237.181, 18.168.28.22",,"brenda.ns.cloudflare.com, dns.cloudflare.com",,NOERROR,v=spf1 ~all,,,,
[x],mytv-recs.clients.ott.showmax.com,"2.16.238.15, 2.16.238.16","mytv-recs.clients.ott.showmax.com.edgesuite.net, a989.dscq.akamai.net","n0dscq.akamai.net, hostmaster.akamai.com",,NOERROR,,"2a02:26f0:480:9::210:ee0f, 2a02:26f0:480:9::210:ee10",,,
[x],ncov.html5.showmax.com,"18.168.28.22, 35.176.237.181, 3.11.144.82",,"brenda.ns.cloudflare.com, dns.cloudflare.com",,NOERROR,v=spf1 ~all,,,,
[x],neocovid19.sa.showmax.com,"3.11.144.82, 18.168.28.22, 35.176.237.181",,"brenda.ns.cloudflare.com, dns.cloudflare.com",,NOERROR,v=spf1 ~all,,,,
[x],neocovidev.sa.showmax.com,"18.168.28.22, 35.176.237.181, 3.11.144.82",,"brenda.ns.cloudflare.com, dns.cloudflare.com",,NOERROR,v=spf1 ~all,,,,
[x],news.secure.showmax.com,"3.11.144.82, 18.168.28.22, 35.176.237.181",,"brenda.ns.cloudflare.com, dns.cloudflare.com",,NOERROR,v=spf1 ~all,,,,
[x],nginx-newest1.secure.showmax.com,"18.168.28.22, 35.176.237.181, 3.11.144.82",,"brenda.ns.cloudflare.com, dns.cloudflare.com",,NOERROR,v=spf1 ~all,,,,
[x],nginx-newest1.showmax.com,"35.176.237.181, 18.168.28.22, 3.11.144.82",,"brenda.ns.cloudflare.com, dns.cloudflare.com",,NOERROR,v=spf1 ~all,,,,
[x],nodejs-dev.secure.showmax.com,"18.168.28.22, 3.11.144.82, 35.176.237.181",,"brenda.ns.cloudflare.com, dns.cloudflare.com",,NOERROR,v=spf1 ~all,,,,
[x],nodejs.secure.showmax.com,"35.176.237.181, 18.168.28.22, 3.11.144.82",,"brenda.ns.cloudflare.com, dns.cloudflare.com",,NOERROR,,,,,
[x],non-prod.secure.showmax.com,"3.11.144.82, 18.168.28.22, 35.176.237.181",,"brenda.ns.cloudflare.com, dns.cloudflare.com",,NOERROR,v=spf1 ~all,,,,
[x],non-prod.showmax.com,"35.176.237.181, 3.11.144.82, 18.168.28.22",,"brenda.ns.cloudflare.com, dns.cloudflare.com",,NOERROR,v=spf1 ~all,,,,
[x],now.comcsg-fin-0213.csg.588bocaiwangadhoc.antiviruspre.showmax.com,"35.176.237.181, 18.168.28.22, 3.11.144.82",,"brenda.ns.cloudflare.com, dns.cloudflare.com",,NOERROR,v=spf1 ~all,,,,
[x],ns.secure.showmax.com,"35.176.237.181, 3.11.144.82, 18.168.28.22",,"brenda.ns.cloudflare.com, dns.cloudflare.com",,NOERROR,v=spf1 ~all,,,,
[x],ns01.showmax.com,"18.168.28.22, 3.11.144.82, 35.176.237.181",,"brenda.ns.cloudflare.com, dns.cloudflare.com",,NOERROR,v=spf1 ~all,,,,
[x],ns02.showmax.com,"18.168.28.22, 35.176.237.181, 3.11.144.82",,"brenda.ns.cloudflare.com, dns.cloudflare.com",,NOERROR,v=spf1 ~all,,,,
[x],ns03.showmax.com,"3.11.144.82, 18.168.28.22, 35.176.237.181",,"brenda.ns.cloudflare.com, dns.cloudflare.com",,NOERROR,v=spf1 ~all,,,,
[x],ns04.showmax.com,"18.168.28.22, 3.11.144.82, 35.176.237.181",,"brenda.ns.cloudflare.com, dns.cloudflare.com",,NOERROR,,,,,
[x],ns1.secure.showmax.com,"18.168.28.22, 3.11.144.82, 35.176.237.181",,"brenda.ns.cloudflare.com, dns.cloudflare.com",,NOERROR,,,,,
[x],ns1.showmax.com,156.154.65.99,,"brenda.ns.cloudflare.com, dns.cloudflare.com",,NOERROR,,,,,
[x],ns2covid-19.showmax.com,"35.176.237.181, 3.11.144.82, 18.168.28.22",,"brenda.ns.cloudflare.com, dns.cloudflare.com",,NOERROR,v=spf1 ~all,,,,
[x],ns4.secure.showmax.com,"18.168.28.22, 3.11.144.82, 35.176.237.181",,"brenda.ns.cloudflare.com, dns.cloudflare.com",,NOERROR,v=spf1 ~all,,,,
[x],nsantivirus2.showmax.com,,,"brenda.ns.cloudflare.com, dns.cloudflare.com",,NOERROR,,,,,
[x],nuernberg.showmax.com,"3.11.144.82, 18.168.28.22, 35.176.237.181",,"brenda.ns.cloudflare.com, dns.cloudflare.com",,NOERROR,v=spf1 ~all,,,,
[x],o253.mail.email.showmax.com,167.89.103.12,,"brenda.ns.cloudflare.com, dns.cloudflare.com",,NOERROR,,,,,
[x],o254.mail.info.showmax.com,167.89.107.232,,"brenda.ns.cloudflare.com, dns.cloudflare.com",,NOERROR,,,,,
[x],o771.mail.email.showmax.com,167.89.108.249,,"brenda.ns.cloudflare.com, dns.cloudflare.com",,NOERROR,,,,,
[x],office.showmax.com,,,"brenda.ns.cloudflare.com, dns.cloudflare.com",,NOERROR,v=spf1 ~all,,,,
[x],okta.secure.showmax.com,"18.168.28.22, 35.176.237.181, 3.11.144.82",,"brenda.ns.cloudflare.com, dns.cloudflare.com",,NOERROR,v=spf1 ~all,,,,
[x],okta.showmax.com,"35.176.237.181, 3.11.144.82, 18.168.28.22",,"brenda.ns.cloudflare.com, dns.cloudflare.com",,NOERROR,v=spf1 ~all,,,,
[x],omegmuatvaccines.showmax.com,"35.176.237.181, 3.11.144.82, 18.168.28.22",,"brenda.ns.cloudflare.com, dns.cloudflare.com",,NOERROR,v=spf1 ~all,,,,
[x],onwww.showmax.com,"3.11.144.82, 35.176.237.181, 18.168.28.22",,"brenda.ns.cloudflare.com, dns.cloudflare.com",,NOERROR,v=spf1 ~all,,,,
[x],openfire.showmax.com,"3.11.144.82, 18.168.28.22, 35.176.237.181",,"brenda.ns.cloudflare.com, dns.cloudflare.com",,NOERROR,v=spf1 ~all,,,,
[x],ops.showmax.com,"35.176.237.181, 3.11.144.82, 18.168.28.22",,"brenda.ns.cloudflare.com, dns.cloudflare.com",,NOERROR,v=spf1 ~all,,,,
[x],orders.showmax.com,"3.11.144.82, 35.176.237.181, 18.168.28.22",,"brenda.ns.cloudflare.com, dns.cloudflare.com",,NOERROR,v=spf1 ~all,,,,
[x],ott.showmax.com,,,"dns1.ott.showmax.com, hostmaster.ott.showmax.com",,NOERROR,p93bqbf64zfz72xzn8c03yvd2f2ttvvf,,"a18-66.akam.net, a7-64.akam.net, a9-66.akam.net, a1-139.akam.net, a24-66.akam.net, a26-65.akam.net",,
[x],outgoing.showmax.com,"35.176.237.181, 18.168.28.22, 3.11.144.82",,"brenda.ns.cloudflare.com, dns.cloudflare.com",,NOERROR,v=spf1 ~all,,,,
[x],ovp.ott.showmax.com,"184.86.251.198, 184.86.251.209","ovp.ott.showmax.com.edgesuite.net, a1423.dsct.akamai.net","n0dsct.akamai.net, hostmaster.akamai.com",,NOERROR,,"2a02:26f0:1700:6::17d5:a184, 2a02:26f0:1700:6::17d5:a190",,,
[x],owa.secure.showmax.com,"3.11.144.82, 18.168.28.22, 35.176.237.181",,"brenda.ns.cloudflare.com, dns.cloudflare.com",,NOERROR,v=spf1 ~all,,,,
[x],owa.showmax.com,,,"brenda.ns.cloudflare.com, dns.cloudflare.com",,NOERROR,,,,,
[x],paginas.showmax.com,"35.176.237.181, 18.168.28.22, 3.11.144.82",,"brenda.ns.cloudflare.com, dns.cloudflare.com",,NOERROR,v=spf1 ~all,,,,
[x],partnercert.showmax.com,,,"brenda.ns.cloudflare.com, dns.cloudflare.com",,NOERROR,v=spf1 ~all,,,,
[x],patch.showmax.com,"18.168.28.22, 35.176.237.181, 3.11.144.82",,"brenda.ns.cloudflare.com, dns.cloudflare.com",,NOERROR,v=spf1 ~all,,,,
[x],pc42.api.showmax.com,"18.168.28.22, 35.176.237.181, 3.11.144.82",,"brenda.ns.cloudflare.com, dns.cloudflare.com",,NOERROR,v=spf1 ~all,,,,
[x],pcmail.showmax.com,"18.168.28.22, 3.11.144.82, 35.176.237.181",,"brenda.ns.cloudflare.com, dns.cloudflare.com",,NOERROR,v=spf1 ~all,,,,
[x],personal.showmax.com,"3.11.144.82, 18.168.28.22, 35.176.237.181",,"brenda.ns.cloudflare.com, dns.cloudflare.com",,NOERROR,v=spf1 ~all,,,,
[x],pi.showmax.com,"3.11.144.82, 35.176.237.181, 18.168.28.22",,"brenda.ns.cloudflare.com, dns.cloudflare.com",,NOERROR,v=spf1 ~all,,,,
[x],pl-equinix-01-plix.cdn.showmax.com,"18.168.28.22, 35.176.237.181, 3.11.144.82",,"brenda.ns.cloudflare.com, dns.cloudflare.com",,NOERROR,v=spf1 ~all,,,,
[x],pl-equinix-07-plix.cdn.showmax.com,"35.176.237.181, 18.168.28.22, 3.11.144.82",,"brenda.ns.cloudflare.com, dns.cloudflare.com",,NOERROR,v=spf1 ~all,,,,
[x],pl-equinix-09-plix.cdn.showmax.com,"3.11.144.82, 18.168.28.22, 35.176.237.181",,"brenda.ns.cloudflare.com, dns.cloudflare.com",,NOERROR,v=spf1 ~all,,,,
[x],pl-equinix-sw2-showmax.cdn-antivirus1.showmax.com,"3.11.144.82, 18.168.28.22, 35.176.237.181",,"brenda.ns.cloudflare.com, dns.cloudflare.com",,NOERROR,v=spf1 ~all,,,,
[x],plano.showmax.com,"3.11.144.82, 35.176.237.181, 18.168.28.22",,"brenda.ns.cloudflare.com, dns.cloudflare.com",,NOERROR,v=spf1 ~all,,,,
[x],pomoc-sitestaginstagilediscovidev.sa.showmax.com,"18.168.28.22, 35.176.237.181, 3.11.144.82",,"brenda.ns.cloudflare.com, dns.cloudflare.com",,NOERROR,,,,,
[x],pop.secure.showmax.com,"35.176.237.181, 18.168.28.22, 3.11.144.82",,"brenda.ns.cloudflare.com, dns.cloudflare.com",,NOERROR,,,,,
[x],pop3.secure.showmax.com,"3.11.144.82, 18.168.28.22, 35.176.237.181",,"brenda.ns.cloudflare.com, dns.cloudflare.com",,NOERROR,v=spf1 ~all,,,,
[x],portal.secure.showmax.com,"18.168.28.22, 3.11.144.82, 35.176.237.181",,"brenda.ns.cloudflare.com, dns.cloudflare.com",,NOERROR,v=spf1 ~all,,,,
[x],postmaster-contact.www.api.showmax.com,"3.11.144.82, 18.168.28.22, 35.176.237.181",,"brenda.ns.cloudflare.com, dns.cloudflare.com",,NOERROR,v=spf1 ~all,,,,
[x],pre-prod.secure.showmax.com,"3.11.144.82, 18.168.28.22, 35.176.237.181",,"brenda.ns.cloudflare.com, dns.cloudflare.com",,NOERROR,v=spf1 ~all,,,,
[x],pre-prod.showmax.com,"18.168.28.22, 3.11.144.82, 35.176.237.181",,"brenda.ns.cloudflare.com, dns.cloudflare.com",,NOERROR,v=spf1 ~all,,,,
[x],pre.secure.showmax.com,"18.168.28.22, 3.11.144.82, 35.176.237.181",,"brenda.ns.cloudflare.com, dns.cloudflare.com",,NOERROR,v=spf1 ~all,,,,
[x],pre.showmax.com,"3.11.144.82, 35.176.237.181, 18.168.28.22",,"brenda.ns.cloudflare.com, dns.cloudflare.com",,NOERROR,v=spf1 ~all,,,,
[x],publish.api.showmax.com,"35.176.237.181, 3.11.144.82, 18.168.28.22",,"brenda.ns.cloudflare.com, dns.cloudflare.com",,NOERROR,v=spf1 ~all,,,,
[x],publishing-catalog.secure.showmax.com,"3.11.144.82, 18.168.28.22, 35.176.237.181",,"brenda.ns.cloudflare.com, dns.cloudflare.com",,NOERROR,v=spf1 ~all,,,,
[x],qa-cdn-imagehelp.showmax.com,"35.176.237.181, 3.11.144.82, 18.168.28.22",,"brenda.ns.cloudflare.com, dns.cloudflare.com",,NOERROR,v=spf1 ~all,,,,
[x],quantu-mirrorschooplacestilityponeocovidev.sa.showmax.com,"35.176.237.181, 18.168.28.22, 3.11.144.82",,"brenda.ns.cloudflare.com, dns.cloudflare.com",,NOERROR,v=spf1 ~all,,,,
[x],rango.id.int-nft.ott.showmax.com,,"rango.id.int-nft.ott.showmax.com.edgesuite.net, a580.dsct.akamai.net","n0dsct.akamai.net, hostmaster.akamai.com",,NOERROR,,,,,
[x],rango.id.ott.showmax.com,"88.221.132.18, 88.221.132.34","rango.id.ott.showmax.com.edgesuite.net, a92.dsct.akamai.net","n0dsct.akamai.net, hostmaster.akamai.com",,NOERROR,,"2a02:26f0:98::58dd:8412, 2a02:26f0:98::58dd:8422",,,
[x],regency.showmax.com,"35.176.237.181, 3.11.144.82, 18.168.28.22",,"brenda.ns.cloudflare.com, dns.cloudflare.com",,NOERROR,v=spf1 ~all,,,,
[x],reps.httpswww.showmax.com,"3.11.144.82, 18.168.28.22, 35.176.237.181",,"brenda.ns.cloudflare.com, dns.cloudflare.com",,NOERROR,v=spf1 ~all,,,,
[x],retail.secure.showmax.com,"35.176.237.181, 18.168.28.22, 3.11.144.82",,"brenda.ns.cloudflare.com, dns.cloudflare.com",,NOERROR,v=spf1 ~all,,,,
[x],rnd.apantivirus2.showmax.com,"3.11.144.82, 35.176.237.181, 18.168.28.22",,"brenda.ns.cloudflare.com, dns.cloudflare.com",,NOERROR,v=spf1 ~all,,,,
[x],roofinghelp.showmax.com,"35.176.237.181, 3.11.144.82, 18.168.28.22",,"brenda.ns.cloudflare.com, dns.cloudflare.com",,NOERROR,v=spf1 ~all,,,,
[x],root.secure.showmax.com,"3.11.144.82, 18.168.28.22, 35.176.237.181",,"brenda.ns.cloudflare.com, dns.cloudflare.com",,NOERROR,v=spf1 ~all,,,,
[x],s2s.showmax.com,"13.51.59.198, 16.170.49.126",,"ns-1230.awsdns-25.org, awsdns-hostmaster.amazon.com",,NOERROR,,,"ns-1772.awsdns-29.co.uk, ns-934.awsdns-52.net, ns-1230.awsdns-25.org, ns-163.awsdns-20.com",,
[x],sa.showmax.com,"18.168.28.22, 3.11.144.82, 35.176.237.181",,"brenda.ns.cloudflare.com, dns.cloudflare.com",,NOERROR,v=spf1 ~all,,,,
[x],sam.disco.ott.showmax.com,"104.97.14.26, 104.97.14.57","sam.disco.ott.showmax.com.edgesuite.net, a813.t.akamai.net","n0t.akamai.net, hostmaster.akamai.com",,NOERROR,,,,,
[x],sas.int-nft.ott.showmax.com,"193.108.153.29, 193.108.153.23","sas.int-nft.ott.showmax.com.edgesuite.net, a1922.dsct.akamai.net","n0dsct.akamai.net, hostmaster.akamai.com",,NOERROR,,"2a02:26f0:3500:d::1732:83df, 2a02:26f0:3500:d::1732:83ca",,,
[x],sbe-web10357.showmax.com,"3.11.144.82, 18.168.28.22, 35.176.237.181",,"brenda.ns.cloudflare.com, dns.cloudflare.com",,NOERROR,v=spf1 ~all,,,,
[x],sdce-virus1.showmax.com,"35.176.237.181, 3.11.144.82, 18.168.28.22",,"brenda.ns.cloudflare.com, dns.cloudflare.com",,NOERROR,v=spf1 ~all,,,,
[x],sdcevirus1.showmax.com,"18.168.28.22, 3.11.144.82, 35.176.237.181",,"brenda.ns.cloudflare.com, dns.cloudflare.com",,NOERROR,v=spf1 ~all,,,,
[x],sdk-0-5-6.httpswww.showmax.com,"3.11.144.82, 35.176.237.181, 18.168.28.22",,"brenda.ns.cloudflare.com, dns.cloudflare.com",,NOERROR,v=spf1 ~all,,,,
[x],searchportal-dev.secure.showmax.com,"3.11.144.82, 18.168.28.22, 35.176.237.181",,"brenda.ns.cloudflare.com, dns.cloudflare.com",,NOERROR,v=spf1 ~all,,,,
[x],searchportal-qa.secure.showmax.com,"18.168.28.22, 3.11.144.82, 35.176.237.181",,"brenda.ns.cloudflare.com, dns.cloudflare.com",,NOERROR,v=spf1 ~all,,,,
[x],searchportal.secure.showmax.com,"3.11.144.82, 18.168.28.22, 35.176.237.181",,"brenda.ns.cloudflare.com, dns.cloudflare.com",,NOERROR,v=spf1 ~all,,,,
[x],secure-shop.static.showmax.com,"35.176.237.181, 3.11.144.82, 18.168.28.22",,"brenda.ns.cloudflare.com, dns.cloudflare.com",,NOERROR,v=spf1 ~all,,,,
[x],secure.secure.showmax.com,"3.11.144.82, 35.176.237.181, 18.168.28.22",,"brenda.ns.cloudflare.com, dns.cloudflare.com",,NOERROR,v=spf1 ~all,,,,
[x],secure.showmax.com,"3.11.144.82, 35.176.237.181, 18.168.28.22",,"brenda.ns.cloudflare.com, dns.cloudflare.com",,NOERROR,v=spf1 ~all,,,,
[x],secureantivirus2.showmax.com,"3.11.144.82, 18.168.28.22, 35.176.237.181",,"brenda.ns.cloudflare.com, dns.cloudflare.com",,NOERROR,v=spf1 ~all,,,,
[x],securevaccine.showmax.com,"3.11.144.82, 18.168.28.22, 35.176.237.181",,"brenda.ns.cloudflare.com, dns.cloudflare.com",,NOERROR,v=spf1 ~all,,,,
[x],server.secure.showmax.com,"35.176.237.181, 18.168.28.22, 3.11.144.82",,"brenda.ns.cloudflare.com, dns.cloudflare.com",,NOERROR,v=spf1 ~all,,,,
[x],servers.secure.showmax.com,"35.176.237.181, 3.11.144.82, 18.168.28.22",,"brenda.ns.cloudflare.com, dns.cloudflare.com",,NOERROR,v=spf1 ~all,,,,
[x],service-puppetmaster01.showmax.com,,,"brenda.ns.cloudflare.com, dns.cloudflare.com",,NOERROR,v=spf1 ~all,,,,
[x],showmax-antiviruspre.showmax.com,"3.11.144.82, 35.176.237.181, 18.168.28.22",,"brenda.ns.cloudflare.com, dns.cloudflare.com",,NOERROR,v=spf1 ~all,,,,
[x],showmax.covid.showmax.com,"3.11.144.82, 35.176.237.181, 18.168.28.22",,"brenda.ns.cloudflare.com, dns.cloudflare.com",,NOERROR,v=spf1 ~all,,,,
[x],showmaxvaccine.showmax.com,"18.168.28.22, 35.176.237.181, 3.11.144.82",,"brenda.ns.cloudflare.com, dns.cloudflare.com",,NOERROR,v=spf1 ~all,,,,
[x],signin.secure.showmax.com,"35.176.237.181, 3.11.144.82, 18.168.28.22",,"brenda.ns.cloudflare.com, dns.cloudflare.com",,NOERROR,v=spf1 ~all,,,,
[x],signup.secure.showmax.com,"35.176.237.181, 3.11.144.82, 18.168.28.22",,"brenda.ns.cloudflare.com, dns.cloudflare.com",,NOERROR,v=spf1 ~all,,,,
[x],sip.secure.showmax.com,"18.168.28.22, 3.11.144.82, 35.176.237.181",,"brenda.ns.cloudflare.com, dns.cloudflare.com",,NOERROR,v=spf1 ~all,,,,
[x],sitecore.secure.showmax.com,,,"brenda.ns.cloudflare.com, dns.cloudflare.com",,NOERROR,,,,,
[x],sitecore.showmax.com,"35.176.237.181, 3.11.144.82, 18.168.28.22",,"brenda.ns.cloudflare.com, dns.cloudflare.com",,NOERROR,v=spf1 ~all,,,,
[x],sitestaginstagilediscovidev.sa.showmax.com,"18.168.28.22, 35.176.237.181, 3.11.144.82",,"brenda.ns.cloudflare.com, dns.cloudflare.com",,NOERROR,v=spf1 ~all,,,,
[x],smartlist.disco.int-nft.ott.showmax.com,"23.2.13.146, 23.2.13.138","smartlist.disco.int-nft.ott.showmax.com.edgesuite.net, a196.dsct.akamai.net","n0dsct.akamai.net, hostmaster.akamai.com",,NOERROR,,"2a02:26f0:1700:6::17d5:a191, 2a02:26f0:1700:6::17d5:a190",,,
[x],smartlist.disco.ott.showmax.com,"2.16.238.27, 2.16.238.28","smartlist.disco.ott.showmax.com.edgesuite.net, a161.dsct.akamai.net","n0dsct.akamai.net, hostmaster.akamai.com",,NOERROR,,"2a02:26f0:480:9::210:ee1c, 2a02:26f0:480:9::210:ee1b",,,
[x],spf.secure.showmax.com,"3.11.144.82, 18.168.28.22, 35.176.237.181",,"brenda.ns.cloudflare.com, dns.cloudflare.com",,NOERROR,v=spf1 ~all,,,,
[x],sponsor.tech.showmax.com,"3.11.144.82, 18.168.28.22, 35.176.237.181",,"brenda.ns.cloudflare.com, dns.cloudflare.com",,NOERROR,v=spf1 ~all,,,,
[x],spyware-virus-detected.showmax.com,"3.11.144.82, 18.168.28.22, 35.176.237.181",,"brenda.ns.cloudflare.com, dns.cloudflare.com",,NOERROR,v=spf1 ~all,,,,
[x],sql.secure.showmax.com,"18.168.28.22, 35.176.237.181, 3.11.144.82",,"brenda.ns.cloudflare.com, dns.cloudflare.com",,NOERROR,v=spf1 ~all,,,,
[x],ssl.secure.showmax.com,"35.176.237.181, 3.11.144.82, 18.168.28.22",,"brenda.ns.cloudflare.com, dns.cloudflare.com",,NOERROR,v=spf1 ~all,,,,
[x],sso.secure.showmax.com,"3.11.144.82, 18.168.28.22, 35.176.237.181",,"brenda.ns.cloudflare.com, dns.cloudflare.com",,NOERROR,v=spf1 ~all,,,,
[x],stage.showmax.com,"18.168.28.22, 3.11.144.82, 35.176.237.181",,"brenda.ns.cloudflare.com, dns.cloudflare.com",,NOERROR,v=spf1 ~all,,,,
[x],staging.mc.showmax.com,"35.176.237.181, 18.168.28.22, 3.11.144.82",,"brenda.ns.cloudflare.com, dns.cloudflare.com",,NOERROR,v=spf1 ~all,,,,
[x],staging.secure.showmax.com,,,"brenda.ns.cloudflare.com, dns.cloudflare.com",,NOERROR,v=spf1 ~all,,,,
[x],stagioscovid.cloud.showmax.com,"35.176.237.181, 18.168.28.22, 3.11.144.82",,"brenda.ns.cloudflare.com, dns.cloudflare.com",,NOERROR,v=spf1 ~all,,,,
[x],starkhelp.showmax-antiviruspre.showmax.com,"18.168.28.22, 35.176.237.181, 3.11.144.82",,"brenda.ns.cloudflare.com, dns.cloudflare.com",,NOERROR,v=spf1 ~all,,,,
[x],statiantiviruspre.showmax.com,"18.168.28.22, 3.11.144.82, 35.176.237.181",,"brenda.ns.cloudflare.com, dns.cloudflare.com",,NOERROR,v=spf1 ~all,,,,
[x],static-1.showmax.com,"3.11.144.82, 18.168.28.22, 35.176.237.181",,"brenda.ns.cloudflare.com, dns.cloudflare.com",,NOERROR,v=spf1 ~all,,,,
[x],static-6.showmax.com,"35.176.237.181, 3.11.144.82, 18.168.28.22",,"brenda.ns.cloudflare.com, dns.cloudflare.com",,NOERROR,v=spf1 ~all,,,,
[x],static-8.showmax.com,"3.11.144.82, 35.176.237.181, 18.168.28.22",,"brenda.ns.cloudflare.com, dns.cloudflare.com",,NOERROR,v=spf1 ~all,,,,
[x],static.monitor.showmax.com,"3.11.144.82, 18.168.28.22, 35.176.237.181",,"brenda.ns.cloudflare.com, dns.cloudflare.com",,NOERROR,v=spf1 ~all,,,,
[x],static.secure.showmax.com,"3.11.144.82, 18.168.28.22, 35.176.237.181",,"brenda.ns.cloudflare.com, dns.cloudflare.com",,NOERROR,v=spf1 ~all,,,,
[x],static.showmax.com,"18.168.28.22, 35.176.237.181, 3.11.144.82",,"brenda.ns.cloudflare.com, dns.cloudflare.com",,NOERROR,v=spf1 ~all,,,,
[x],stats.secure.showmax.com,"35.176.237.181, 18.168.28.22, 3.11.144.82",,"brenda.ns.cloudflare.com, dns.cloudflare.com",,NOERROR,v=spf1 ~all,,,,
[x],stavropol.secure.showmax.com,"3.11.144.82, 35.176.237.181, 18.168.28.22",,"brenda.ns.cloudflare.com, dns.cloudflare.com",,NOERROR,v=spf1 ~all,,,,
[x],store.secure.showmax.com,"35.176.237.181, 18.168.28.22, 3.11.144.82",,"brenda.ns.cloudflare.com, dns.cloudflare.com",,NOERROR,v=spf1 ~all,,,,
[x],store.showmax.com,"18.168.28.22, 35.176.237.181, 3.11.144.82",,"brenda.ns.cloudflare.com, dns.cloudflare.com",,NOERROR,,,,,
[x],stories.showmax.com,"76.76.21.9, 76.76.21.123",cname.vercel-dns.com,"dns1.p07.nsone.net, hostmaster.nsone.net","globalsign.com, sectigo.com, letsencrypt.org",NOERROR,,,,,
[x],storybook.secure.showmax.com,"3.11.144.82, 35.176.237.181, 18.168.28.22",,"brenda.ns.cloudflare.com, dns.cloudflare.com",,NOERROR,v=spf1 ~all,,,,
[x],suggest.disco.ott.showmax.com,"193.108.153.27, 193.108.153.11","suggest.disco.ott.showmax.com.edgesuite.net, a1923.t.akamai.net","n0t.akamai.net, hostmaster.akamai.com",,NOERROR,,,,,
[x],super.tecantiviruspre.showmax.com,"35.176.237.181, 18.168.28.22, 3.11.144.82",,"brenda.ns.cloudflare.com, dns.cloudflare.com",,NOERROR,v=spf1 ~all,,,,
[x],support.secure.showmax.com,"3.11.144.82, 18.168.28.22, 35.176.237.181",,"brenda.ns.cloudflare.com, dns.cloudflare.com",,NOERROR,v=spf1 ~all,,,,
[x],syncovh-apiselfservice.showmax.com,"3.11.144.82, 18.168.28.22, 35.176.237.181",,"brenda.ns.cloudflare.com, dns.cloudflare.com",,NOERROR,v=spf1 ~all,,,,
[x],tc.showmax.com,"3.11.144.82, 18.168.28.22, 35.176.237.181",,"brenda.ns.cloudflare.com, dns.cloudflare.com",,NOERROR,v=spf1 ~all,,,,
[x],tec.showmax.com,"35.176.237.181, 3.11.144.82, 18.168.28.22",,"brenda.ns.cloudflare.com, dns.cloudflare.com",,NOERROR,v=spf1 ~all,,,,
[x],tech3.showmax.com,"3.11.144.82, 35.176.237.181, 18.168.28.22",,"brenda.ns.cloudflare.com, dns.cloudflare.com",,NOERROR,v=spf1 ~all,,,,
[x],tech7.showmax.com,"35.176.237.181, 18.168.28.22, 3.11.144.82",,"brenda.ns.cloudflare.com, dns.cloudflare.com",,NOERROR,v=spf1 ~all,,,,
[x],temtationislandsa.showmax.com,"3.11.144.82, 35.176.237.181, 18.168.28.22",,"brenda.ns.cloudflare.com, dns.cloudflare.com",,NOERROR,v=spf1 ~all,,,,
[x],ten.static.showcase.showmax.com,"35.176.237.181, 18.168.28.22, 3.11.144.82",,"brenda.ns.cloudflare.com, dns.cloudflare.com",,NOERROR,v=spf1 ~all,,,,
[x],test.secure.showmax.com,"3.11.144.82, 18.168.28.22, 35.176.237.181",,"brenda.ns.cloudflare.com, dns.cloudflare.com",,NOERROR,v=spf1 ~all,,,,
[x],throttled.ovp.ott.showmax.com,"104.97.14.24, 104.97.14.51","throttled.ovp.ott.showmax.com.edgesuite.net, a325.dsct.akamai.net","n0dsct.akamai.net, hostmaster.akamai.com",,NOERROR,,"2a02:26f0:fe00::686e:f0e8, 2a02:26f0:fe00::686e:f0c8",,,
[x],tk2edc.view.showmax.com,"3.11.144.82, 18.168.28.22, 35.176.237.181",,"brenda.ns.cloudflare.com, dns.cloudflare.com",,NOERROR,v=spf1 ~all,,,,
[x],tls.secure.showmax.com,,,"brenda.ns.cloudflare.com, dns.cloudflare.com",,NOERROR,,,,,
[x],translations.24162.showmax.com,"35.176.237.181, 3.11.144.82, 18.168.28.22",,"brenda.ns.cloudflare.com, dns.cloudflare.com",,NOERROR,v=spf1 ~all,,,,
[x],transparent-origin.showmax.com,"35.176.237.181, 3.11.144.82, 18.168.28.22",,"brenda.ns.cloudflare.com, dns.cloudflare.com",,NOERROR,v=spf1 ~all,,,,
[x],trial.vaccine.showmax.com,"3.11.144.82, 35.176.237.181, 18.168.28.22",,"brenda.ns.cloudflare.com, dns.cloudflare.com",,NOERROR,v=spf1 ~all,,,,
[x],tst-www.222.showmax.com,"3.11.144.82, 18.168.28.22, 35.176.237.181",,"brenda.ns.cloudflare.com, dns.cloudflare.com",,NOERROR,v=spf1 ~all,,,,
[x],uat.222-antiviruspre.showmax.com,"35.176.237.181, 3.11.144.82, 18.168.28.22",,"brenda.ns.cloudflare.com, dns.cloudflare.com",,NOERROR,v=spf1 ~all,,,,
[x],uat.24162.showmax.com,"35.176.237.181, 18.168.28.22, 3.11.144.82",,"brenda.ns.cloudflare.com, dns.cloudflare.com",,NOERROR,v=spf1 ~all,,,,
[x],uatvaccines.staging.mc.showmax.com,"18.168.28.22, 35.176.237.181, 3.11.144.82",,"brenda.ns.cloudflare.com, dns.cloudflare.com",,NOERROR,v=spf1 ~all,,,,
[x],uatvacciness04.showmax.com,"35.176.237.181, 18.168.28.22, 3.11.144.82",,"brenda.ns.cloudflare.com, dns.cloudflare.com",,NOERROR,v=spf1 ~all,,,,
[x],uk.secure.showmax.com,"35.176.237.181, 3.11.144.82, 18.168.28.22",,"brenda.ns.cloudflare.com, dns.cloudflare.com",,NOERROR,v=spf1 ~all,,,,
[x],unicorn.api.showmax.com,"35.176.237.181, 18.168.28.22, 3.11.144.82",,"brenda.ns.cloudflare.com, dns.cloudflare.com",,NOERROR,v=spf1 ~all,,,,
[x],upload.secure.showmax.com,"3.11.144.82, 35.176.237.181, 18.168.28.22",,"brenda.ns.cloudflare.com, dns.cloudflare.com",,NOERROR,v=spf1 ~all,,,,
[x],upload.showmax.com,"18.168.28.22, 35.176.237.181, 3.11.144.82",,"brenda.ns.cloudflare.com, dns.cloudflare.com",,NOERROR,v=spf1 ~all,,,,
[x],urhelp.showmax.com,"35.176.237.181, 3.11.144.82, 18.168.28.22",,"brenda.ns.cloudflare.com, dns.cloudflare.com",,NOERROR,v=spf1 ~all,,,,
[x],us-east-1.showmax.com,,,"brenda.ns.cloudflare.com, dns.cloudflare.com",,NOERROR,,,,,
[x],us-east.secure.showmax.com,"3.11.144.82, 35.176.237.181, 18.168.28.22",,"brenda.ns.cloudflare.com, dns.cloudflare.com",,NOERROR,v=spf1 ~all,,,,
[x],useast.secure.showmax.com,"35.176.237.181, 18.168.28.22, 3.11.144.82",,"brenda.ns.cloudflare.com, dns.cloudflare.com",,NOERROR,v=spf1 ~all,,,,
[x],vaccine.showmax.com,"18.168.28.22, 35.176.237.181, 3.11.144.82",,"brenda.ns.cloudflare.com, dns.cloudflare.com",,NOERROR,v=spf1 ~all,,,,
[x],vaccinens2.showmax.com,"35.176.237.181, 3.11.144.82, 18.168.28.22",,"brenda.ns.cloudflare.com, dns.cloudflare.com",,NOERROR,v=spf1 ~all,,,,
[x],vendor-api.secure.showmax.com,"18.168.28.22, 3.11.144.82, 35.176.237.181",,"brenda.ns.cloudflare.com, dns.cloudflare.com",,NOERROR,v=spf1 ~all,,,,
[x],vendor.secure.showmax.com,"18.168.28.22, 35.176.237.181, 3.11.144.82",,"brenda.ns.cloudflare.com, dns.cloudflare.com",,NOERROR,v=spf1 ~all,,,,
[x],vendors.secure.showmax.com,"18.168.28.22, 35.176.237.181, 3.11.144.82",,"brenda.ns.cloudflare.com, dns.cloudflare.com",,NOERROR,v=spf1 ~all,,,,
[x],vfx.showmax.com,"35.176.237.181, 18.168.28.22, 3.11.144.82",,"brenda.ns.cloudflare.com, dns.cloudflare.com",,NOERROR,,,,,
[x],video.secure.showmax.com,"18.168.28.22, 3.11.144.82, 35.176.237.181",,"brenda.ns.cloudflare.com, dns.cloudflare.com",,NOERROR,v=spf1 ~all,,,,
[x],vod.showmax.com,"35.176.237.181, 3.11.144.82, 18.168.28.22",,"brenda.ns.cloudflare.com, dns.cloudflare.com",,NOERROR,v=spf1 ~all,,,,
[x],vodppmaw.252fblog.showmax.com,"3.11.144.82, 18.168.28.22, 35.176.237.181",,"brenda.ns.cloudflare.com, dns.cloudflare.com",,NOERROR,v=spf1 ~all,,,,
[x],vpn.secure.showmax.com,"3.11.144.82, 35.176.237.181, 18.168.28.22",,"brenda.ns.cloudflare.com, dns.cloudflare.com",,NOERROR,v=spf1 ~all,,,,
[x],wap.secure.showmax.com,"35.176.237.181, 18.168.28.22, 3.11.144.82",,"brenda.ns.cloudflare.com, dns.cloudflare.com",,NOERROR,v=spf1 ~all,,,,
[x],watch.showmax.com,"35.176.237.181, 18.168.28.22, 3.11.144.82",,"brenda.ns.cloudflare.com, dns.cloudflare.com",,NOERROR,v=spf1 ~all,,,,
[x],wcms.vaccines.cloud.showmax.com,"3.11.144.82, 35.176.237.181, 18.168.28.22",,"brenda.ns.cloudflare.com, dns.cloudflare.com",,NOERROR,v=spf1 ~all,,,,
[x],wcs.secure.showmax.com,"35.176.237.181, 3.11.144.82, 18.168.28.22",,"brenda.ns.cloudflare.com, dns.cloudflare.com",,NOERROR,v=spf1 ~all,,,,
[x],web.secure.showmax.com,"3.11.144.82, 18.168.28.22, 35.176.237.181",,"brenda.ns.cloudflare.com, dns.cloudflare.com",,NOERROR,v=spf1 ~all,,,,
[x],web.showmax.com,"18.168.28.22, 35.176.237.181, 3.11.144.82",,"brenda.ns.cloudflare.com, dns.cloudflare.com",,NOERROR,v=spf1 ~all,,,,
[x],webdisk.secure.showmax.com,"35.176.237.181, 3.11.144.82, 18.168.28.22",,"brenda.ns.cloudflare.com, dns.cloudflare.com",,NOERROR,v=spf1 ~all,,,,
[x],webhook.secure.showmax.com,"3.11.144.82, 18.168.28.22, 35.176.237.181",,"brenda.ns.cloudflare.com, dns.cloudflare.com",,NOERROR,v=spf1 ~all,,,,
[x],webinquiry.chat.showmax.com,"35.176.237.181, 3.11.144.82, 18.168.28.22",,"brenda.ns.cloudflare.com, dns.cloudflare.com",,NOERROR,v=spf1 ~all,,,,
[x],wfm-service.showmax.com,"3.11.144.82, 35.176.237.181, 18.168.28.22",,"brenda.ns.cloudflare.com, dns.cloudflare.com",,NOERROR,v=spf1 ~all,,,,
[x],whm.secure.showmax.com,"3.11.144.82, 18.168.28.22, 35.176.237.181",,"brenda.ns.cloudflare.com, dns.cloudflare.com",,NOERROR,v=spf1 ~all,,,,
[x],whois.secure.showmax.com,"3.11.144.82, 18.168.28.22, 35.176.237.181",,"brenda.ns.cloudflare.com, dns.cloudflare.com",,NOERROR,v=spf1 ~all,,,,
[x],wifihelp.showmax.com,,,"brenda.ns.cloudflare.com, dns.cloudflare.com",,NOERROR,v=spf1 ~all,,,,
[x],wordpress.secure.showmax.com,"3.11.144.82, 18.168.28.22, 35.176.237.181",,"brenda.ns.cloudflare.com, dns.cloudflare.com",,NOERROR,v=spf1 ~all,,,,
[x],ww.showmax.com,,,"brenda.ns.cloudflare.com, dns.cloudflare.com",,NOERROR,,,,,
[x],www.adops2-3.site.showmax.com,"3.11.144.82, 18.168.28.22, 35.176.237.181",,"brenda.ns.cloudflare.com, dns.cloudflare.com",,NOERROR,v=spf1 ~all,,,,
[x],www.antivirus.www-test.alumni.devna.showmax.com,"18.168.28.22, 3.11.144.82, 35.176.237.181",,"brenda.ns.cloudflare.com, dns.cloudflare.com",,NOERROR,v=spf1 ~all,,,,
[x],www.antivirusctivate-sit8.glb.showmax.com,"3.11.144.82, 35.176.237.181, 18.168.28.22",,"brenda.ns.cloudflare.com, dns.cloudflare.com",,NOERROR,v=spf1 ~all,,,,
[x],www.artemis.www.api.showmax.com,"35.176.237.181, 3.11.144.82, 18.168.28.22",,"brenda.ns.cloudflare.com, dns.cloudflare.com",,NOERROR,v=spf1 ~all,,,,
[x],www.avalanche.httpswww.showmax.com,"3.11.144.82, 35.176.237.181, 18.168.28.22",,"brenda.ns.cloudflare.com, dns.cloudflare.com",,NOERROR,v=spf1 ~all,,,,
[x],www.blog.showmax.com,"76.76.21.241, 76.76.21.98",cname.vercel-dns.com,"dns1.p07.nsone.net, hostmaster.nsone.net","globalsign.com, sectigo.com, letsencrypt.org",NOERROR,,,,,
[x],www.dev2help.showmax.com,"3.11.144.82, 18.168.28.22, 35.176.237.181",,"brenda.ns.cloudflare.com, dns.cloudflare.com",,NOERROR,,,,,
[x],www.ediscovery.static.showmax.com,"3.11.144.82, 18.168.28.22, 35.176.237.181",,"brenda.ns.cloudflare.com, dns.cloudflare.com",,NOERROR,v=spf1 ~all,,,,
[x],www.edit.secure.showmax.com,"18.168.28.22, 35.176.237.181, 3.11.144.82",,"brenda.ns.cloudflare.com, dns.cloudflare.com",,NOERROR,v=spf1 ~all,,,,
[x],www.india.secure.showmax.com,"35.176.237.181, 3.11.144.82, 18.168.28.22",,"brenda.ns.cloudflare.com, dns.cloudflare.com",,NOERROR,v=spf1 ~all,,,,
[x],www.int-nft.ott.showmax.com,"23.55.163.68, 23.55.163.72","www.int-nft.ott.showmax.com.edgesuite.net, a1687.dscq.akamai.net","n0dscq.akamai.net, hostmaster.akamai.com",,NOERROR,,,,,
[x],www.iweb.chat.showmax.com,"18.168.28.22, 35.176.237.181, 3.11.144.82",,"brenda.ns.cloudflare.com, dns.cloudflare.com",,NOERROR,v=spf1 ~all,,,,
[x],www.lsf.252fblog.showmax.com,"18.168.28.22, 35.176.237.181, 3.11.144.82",,"brenda.ns.cloudflare.com, dns.cloudflare.com",,NOERROR,v=spf1 ~all,,,,
[x],www.mms.www.api.showmax.com,"18.168.28.22, 3.11.144.82, 35.176.237.181",,"brenda.ns.cloudflare.com, dns.cloudflare.com",,NOERROR,v=spf1 ~all,,,,
[x],www.newsletterhelp.showmax.com,"35.176.237.181, 3.11.144.82, 18.168.28.22",,"brenda.ns.cloudflare.com, dns.cloudflare.com",,NOERROR,v=spf1 ~all,,,,
[x],www.pci.secure.showmax.com,"18.168.28.22, 35.176.237.181, 3.11.144.82",,"brenda.ns.cloudflare.com, dns.cloudflare.com",,NOERROR,v=spf1 ~all,,,,
[x],www.presse.252fblog.showmax.com,"3.11.144.82, 18.168.28.22, 35.176.237.181",,"brenda.ns.cloudflare.com, dns.cloudflare.com",,NOERROR,v=spf1 ~all,,,,
[x],www.secureantivirus2.showmax.com,"35.176.237.181, 3.11.144.82, 18.168.28.22",,"brenda.ns.cloudflare.com, dns.cloudflare.com",,NOERROR,v=spf1 ~all,,,,
[x],www.securevaccine.showmax.com,"3.11.144.82, 35.176.237.181, 18.168.28.22",,"brenda.ns.cloudflare.com, dns.cloudflare.com",,NOERROR,,,,,
[x],www.ssb.www.api.showmax.com,"35.176.237.181, 3.11.144.82, 18.168.28.22",,"brenda.ns.cloudflare.com, dns.cloudflare.com",,NOERROR,v=spf1 ~all,,,,
[x],www.static.showmax.com,"35.176.237.181, 3.11.144.82, 18.168.28.22",,"brenda.ns.cloudflare.com, dns.cloudflare.com",,NOERROR,v=spf1 ~all,,,,
[x],www.subfinder.chat.showmax.com,"3.11.144.82, 35.176.237.181, 18.168.28.22",,"brenda.ns.cloudflare.com, dns.cloudflare.com",,NOERROR,v=spf1 ~all,,,,
[x],www.super.customer.showmax.com,"35.176.237.181, 3.11.144.82, 18.168.28.22",,"brenda.ns.cloudflare.com, dns.cloudflare.com",,NOERROR,v=spf1 ~all,,,,
[x],www.super.tecantiviruspre.showmax.com,"35.176.237.181, 18.168.28.22, 3.11.144.82",,"brenda.ns.cloudflare.com, dns.cloudflare.com",,NOERROR,v=spf1 ~all,,,,
[x],www.trial.showmax.com,"35.176.237.181, 3.11.144.82, 18.168.28.22",,"brenda.ns.cloudflare.com, dns.cloudflare.com",,NOERROR,v=spf1 ~all,,,,
[x],www.voltage-pp-0000.chatvolky2001ptn.antiviruspre.showmax.com,"35.176.237.181, 18.168.28.22, 3.11.144.82",,"brenda.ns.cloudflare.com, dns.cloudflare.com",,NOERROR,v=spf1 ~all,,,,
[x],www.www.api.showmax.com,"3.11.144.82, 18.168.28.22, 35.176.237.181",,"brenda.ns.cloudflare.com, dns.cloudflare.com",,NOERROR,v=spf1 ~all,,,,
[x],www1.secure.showmax.com,"35.176.237.181, 3.11.144.82, 18.168.28.22",,"brenda.ns.cloudflare.com, dns.cloudflare.com",,NOERROR,v=spf1 ~all,,,,
[x],www1.showmax.com,"18.168.28.22, 35.176.237.181, 3.11.144.82",,"brenda.ns.cloudflare.com, dns.cloudflare.com",,NOERROR,v=spf1 ~all,,,,
[x],www2.showmax.com,"18.168.28.22, 3.11.144.82, 35.176.237.181",,"brenda.ns.cloudflare.com, dns.cloudflare.com",,NOERROR,v=spf1 ~all,,,,
[x],wwww.showmax.com,"35.176.237.181, 3.11.144.82, 18.168.28.22",,"brenda.ns.cloudflare.com, dns.cloudflare.com",,NOERROR,v=spf1 ~all,,,,
[x],yahoosports.covideo.openfire.showmax.com,"35.176.237.181, 18.168.28.22, 3.11.144.82",,"brenda.ns.cloudflare.com, dns.cloudflare.com",,NOERROR,,,,,
[x],yrpungd.showmax.com,"18.168.28.22, 35.176.237.181, 3.11.144.82",,"brenda.ns.cloudflare.com, dns.cloudflare.com",,NOERROR,v=spf1 ~all,,,,
[x],za-cptteraco-01-napafrica.cdn.showmax.com,"3.11.144.82, 18.168.28.22, 35.176.237.181",,"brenda.ns.cloudflare.com, dns.cloudflare.com",,NOERROR,v=spf1 ~all,,,,
[x],za-cptteraco-02-napafrica.cdn.showmax.com,"18.168.28.22, 35.176.237.181, 3.11.144.82",,"brenda.ns.cloudflare.com, dns.cloudflare.com",,NOERROR,v=spf1 ~all,,,,
[x],za-cptteraco-03-napafrica.cdn.covid-19.showmax.com,"18.168.28.22, 3.11.144.82, 35.176.237.181",,"brenda.ns.cloudflare.com, dns.cloudflare.com",,NOERROR,v=spf1 ~all,,,,
[x],za-cptteraco-03-napafrica.cdn.showmax.com,169.255.193.23,,"brenda.ns.cloudflare.com, dns.cloudflare.com",,NOERROR,,,,,
[x],za-cptteraco-04-napafrica.cdn.showmax.com,169.255.193.24,,"brenda.ns.cloudflare.com, dns.cloudflare.com",,NOERROR,,2c0f:f448:100::24,,,
[x],za-cptteraco-05-napafrica.cdn.showmax.com,169.255.193.25,,"brenda.ns.cloudflare.com, dns.cloudflare.com",,NOERROR,,2c0f:f448:100::25,,,
[x],za-cptvarnish-01.cdn.showmax.com,"3.11.144.82, 18.168.28.22, 35.176.237.181",,"brenda.ns.cloudflare.com, dns.cloudflare.com",,NOERROR,v=spf1 ~all,,,,
[x],za-teraco-01-napafrica.cdn.showmax.com,"18.168.28.22, 35.176.237.181, 3.11.144.82",,"brenda.ns.cloudflare.com, dns.cloudflare.com",,NOERROR,v=spf1 ~all,,,,
[x],za-teraco-03-napafrica.cdn.showmax.com,"3.11.144.82, 18.168.28.22, 35.176.237.181",,"brenda.ns.cloudflare.com, dns.cloudflare.com",,NOERROR,,,,,
[x],za-teraco-04-napafrica.cdn.showmax.com,"3.11.144.82, 18.168.28.22, 35.176.237.181",,"brenda.ns.cloudflare.com, dns.cloudflare.com",,NOERROR,v=spf1 ~all,,,,
[x],za-teraco-05-napafrica.cdn.showmax.com,"35.176.237.181, 18.168.28.22, 3.11.144.82",,"brenda.ns.cloudflare.com, dns.cloudflare.com",,NOERROR,v=spf1 ~all,,,,
[x],za-teraco-07-napafrica.cdn.showmax.com,"18.168.28.22, 35.176.237.181, 3.11.144.82",,"brenda.ns.cloudflare.com, dns.cloudflare.com",,NOERROR,v=spf1 ~all,,,,
[x],zaixiantouzhuxitonghelp.showmax.com,,,"brenda.ns.cloudflare.com, dns.cloudflare.com",,NOERROR,,,,,
[x],zwww.antiviruskfb.showmax.com,,,"brenda.ns.cloudflare.com, dns.cloudflare.com",,NOERROR,,,,,
